bbox_0.jpg 275 300 114 54 0.287100083947 
bbox_1.jpg 372 302 362 56 0.337543540815 
bbox_2.jpg 152 114 162 71 0.819990019249 
bbox_3.jpg 272 296 524 68 0.527962260173 
bbox_4.jpg 275 300 114 54 0.287100083947 
bbox_5.jpg 213 128 102 58 0.421758038069 
bbox_6.jpg 120 57 98 57 0.237713004484 
bbox_7.jpg 272 296 524 68 0.527962260173 
bbox_8.jpg 120 57 98 57 0.237713004484 
bbox_9.jpg 152 114 162 71 0.819990019249 
bbox_10.jpg 272 296 524 68 0.527962260173 
bbox_11.jpg 594 399 84 37 0 
bbox_12.jpg 594 399 84 37 0 
bbox_13.jpg 625 306 114 53 0.331032215648 
bbox_14.jpg 151 113 164 75 0.876880302274 
bbox_15.jpg 272 296 525 68 0.52696233165 
bbox_16.jpg 274 300 134 55 0.34371793676 
bbox_17.jpg 625 306 114 53 0.331032215648 
bbox_18.jpg 151 113 164 75 0.876880302274 
bbox_19.jpg 272 296 525 68 0.52696233165 
bbox_20.jpg 625 306 114 53 0.331032215648 
bbox_21.jpg 151 113 164 75 0.876880302274 
bbox_22.jpg 317 296 480 68 0.447653619529 
bbox_23.jpg 417 435 96 53 0 
bbox_24.jpg 490 396 188 41 0 
bbox_25.jpg 541 439 168 43 0 
bbox_26.jpg 591 397 91 47 0 
bbox_27.jpg 490 396 188 41 0 
bbox_28.jpg 485 438 225 44 0 
bbox_29.jpg 179 121 134 63 0.601839309902 
bbox_30.jpg 626 306 167 54 0.494082840237 
bbox_31.jpg 272 296 525 69 0.519743669572 
bbox_32.jpg 179 121 134 63 0.601839309902 
bbox_33.jpg 626 306 115 54 0.340236686391 
bbox_34.jpg 151 113 165 73 0.858701076495 
bbox_35.jpg 272 296 525 69 0.519743669572 
bbox_36.jpg 179 122 134 62 0.592286304983 
bbox_37.jpg 274 299 114 56 0.29773342039 
bbox_38.jpg 521 301 274 61 0.573860155771 
bbox_39.jpg 272 296 525 69 0.519743669572 
bbox_40.jpg 418 435 291 47 0 
bbox_41.jpg 422 395 258 43 0 
bbox_42.jpg 417 435 300 48 0 
bbox_43.jpg 367 394 313 44 0 
bbox_44.jpg 418 435 291 47 0 
bbox_45.jpg 422 395 258 43 0 
bbox_46.jpg 274 299 114 56 0.29773342039 
bbox_47.jpg 151 114 164 72 0.841805090183 
bbox_48.jpg 271 296 526 68 0.528724747475 
bbox_49.jpg 274 299 114 56 0.29773342039 
bbox_50.jpg 151 114 164 72 0.841805090183 
bbox_51.jpg 271 296 526 68 0.528724747475 
bbox_52.jpg 274 300 432 60 0.574338479389 
bbox_53.jpg 151 114 164 72 0.841805090183 
bbox_54.jpg 271 296 526 68 0.528724747475 
bbox_55.jpg 366 394 314 43 0 
bbox_56.jpg 418 436 291 47 0 
bbox_57.jpg 594 398 85 38 0 
bbox_58.jpg 417 436 97 51 0 
bbox_59.jpg 541 439 84 39 0 
bbox_60.jpg 366 394 314 43 0 
bbox_61.jpg 418 436 291 47 0 
bbox_62.jpg 275 300 459 59 0.52897167954 
bbox_63.jpg 152 114 162 71 0.819990019249 
bbox_64.jpg 272 295 524 70 0.528501988511 
bbox_65.jpg 625 305 109 54 0.322485207101 
bbox_66.jpg 274 300 115 54 0.289618505736 
bbox_67.jpg 152 114 162 71 0.819990019249 
bbox_68.jpg 272 295 524 70 0.528501988511 
bbox_69.jpg 625 305 109 54 0.322485207101 
bbox_70.jpg 321 302 234 53 0.578397537543 
bbox_71.jpg 272 295 524 70 0.528501988511 
bbox_72.jpg 152 114 162 71 0.819990019249 
bbox_73.jpg 321 300 230 57 0.611416845444 
bbox_74.jpg 271 296 525 69 0.522471472018 
bbox_75.jpg 151 114 163 73 0.848292578598 
bbox_76.jpg 271 296 525 69 0.522471472018 
bbox_77.jpg 151 114 163 73 0.848292578598 
bbox_78.jpg 321 300 200 56 0.522339334017 
bbox_79.jpg 271 296 525 69 0.522471472018 
bbox_80.jpg 42 89 272 98 0.463022165388 
bbox_81.jpg 490 396 188 41 0 
bbox_82.jpg 541 439 144 43 0 
bbox_83.jpg 490 396 188 41 0 
bbox_84.jpg 541 439 144 43 0 
bbox_85.jpg 490 396 188 41 0 
bbox_86.jpg 485 438 171 43 0 
bbox_87.jpg 626 307 108 52 0.307692307692 
bbox_88.jpg 272 296 475 68 0.582083914458 
bbox_89.jpg 626 307 108 52 0.307692307692 
bbox_90.jpg 272 296 525 69 0.519743669572 
bbox_91.jpg 37 97 277 88 0.480994926933 
bbox_92.jpg 179 124 134 59 0.563627290226 
bbox_93.jpg 626 307 108 52 0.307692307692 
bbox_94.jpg 272 296 525 69 0.519743669572 
bbox_95.jpg 418 435 290 48 0 
bbox_96.jpg 421 395 259 42 0 
bbox_97.jpg 418 435 290 48 0 
bbox_98.jpg 421 395 259 42 0 
bbox_99.jpg 418 435 290 48 0 
bbox_100.jpg 421 395 259 42 0 
bbox_101.jpg 674 306 66 53 0.191650230112 
bbox_102.jpg 271 295 525 70 0.53026955369 
bbox_103.jpg 151 114 164 73 0.853496827547 
bbox_104.jpg 271 295 525 70 0.53026955369 
bbox_105.jpg 151 114 164 73 0.853496827547 
bbox_106.jpg 674 306 66 53 0.191650230112 
bbox_107.jpg 279 94 63 50 0.144495412844 
bbox_108.jpg 365 436 343 45 0 
bbox_109.jpg 366 395 314 41 0 
bbox_110.jpg 418 437 290 44 0 
bbox_111.jpg 424 395 255 41 0 
bbox_112.jpg 365 436 343 45 0 
bbox_113.jpg 366 395 314 41 0 
bbox_114.jpg 272 297 524 67 0.520082226439 
bbox_115.jpg 151 114 164 71 0.83011335282 
bbox_116.jpg 272 297 524 67 0.520082226439 
bbox_117.jpg 35 97 279 88 0.477595669499 
bbox_118.jpg 271 296 525 69 0.522471472018 
bbox_119.jpg 37 97 276 87 0.471870977512 
bbox_120.jpg 37 97 276 87 0.471870977512 
bbox_121.jpg 350 264 110 9 0 
bbox_122.jpg 271 296 525 69 0.522471472018 
bbox_123.jpg 271 296 525 69 0.522471472018 
bbox_124.jpg 151 114 128 65 0.593141797961 
bbox_125.jpg 418 436 95 51 0 
bbox_126.jpg 418 436 95 51 0 
bbox_127.jpg 418 436 95 51 0 
bbox_128.jpg 274 300 460 59 0.530758746025 
bbox_129.jpg 271 296 526 69 0.521481942715 
bbox_130.jpg 37 97 277 88 0.480994926933 
bbox_131.jpg 271 296 526 69 0.521481942715 
bbox_132.jpg 37 97 277 88 0.480994926933 
bbox_133.jpg 271 296 526 69 0.521481942715 
bbox_134.jpg 365 435 343 47 0 
bbox_135.jpg 427 426 178 8 0 
bbox_136.jpg 366 395 314 42 0 
bbox_137.jpg 365 435 343 47 0 
bbox_138.jpg 427 426 178 8 0 
bbox_139.jpg 366 395 314 42 0 
bbox_140.jpg 418 435 290 48 0 
bbox_141.jpg 366 395 314 42 0 
bbox_142.jpg 275 300 459 59 0.52897167954 
bbox_143.jpg 271 296 525 69 0.522471472018 
bbox_144.jpg 151 114 163 72 0.836672132316 
bbox_145.jpg 275 300 459 59 0.52897167954 
bbox_146.jpg 271 296 525 69 0.522471472018 
bbox_147.jpg 37 97 277 88 0.480994926933 
bbox_148.jpg 275 300 459 59 0.52897167954 
bbox_149.jpg 271 296 525 69 0.522471472018 
bbox_150.jpg 151 114 163 72 0.836672132316 
bbox_151.jpg 419 437 288 44 0 
bbox_152.jpg 366 395 313 41 0 
bbox_153.jpg 419 437 288 44 0 
bbox_154.jpg 366 395 313 41 0 
bbox_155.jpg 418 437 268 44 0 
bbox_156.jpg 366 395 313 41 0 
bbox_157.jpg 271 296 525 68 0.52972802024 
bbox_158.jpg 35 97 279 88 0.477595669499 
bbox_159.jpg 35 97 279 88 0.477595669499 
bbox_160.jpg 271 296 658 69 0.417185554172 
bbox_161.jpg 271 296 525 69 0.522471472018 
bbox_162.jpg 37 96 277 89 0.475931822439 
bbox_163.jpg 271 296 525 69 0.522471472018 
bbox_164.jpg 37 96 277 89 0.475931822439 
bbox_165.jpg 271 296 526 69 0.521481942715 
bbox_166.jpg 37 96 277 89 0.475931822439 
bbox_167.jpg 271 296 526 69 0.521481942715 
bbox_168.jpg 37 96 277 89 0.475931822439 
bbox_169.jpg 271 296 526 69 0.521481942715 
bbox_170.jpg 41 91 274 95 0.467436823105 
bbox_171.jpg 418 435 269 47 0 
bbox_172.jpg 366 395 314 42 0 
bbox_173.jpg 366 395 314 42 0 
bbox_174.jpg 366 434 340 48 0 
bbox_175.jpg 418 435 288 48 0 
bbox_176.jpg 366 395 314 42 0 
bbox_177.jpg 271 296 525 69 0.522471472018 
bbox_178.jpg 37 97 277 88 0.480994926933 
bbox_179.jpg 271 296 525 69 0.522471472018 
bbox_180.jpg 37 97 277 88 0.480994926933 
bbox_181.jpg 179 122 93 53 0.351393740643 
bbox_182.jpg 151 113 164 74 0.865188564911 
bbox_183.jpg 271 296 525 69 0.522471472018 
bbox_184.jpg 418 438 267 43 0 
bbox_185.jpg 424 396 254 40 0 
bbox_186.jpg 418 438 267 43 0 
bbox_187.jpg 424 396 254 40 0 
bbox_188.jpg 418 438 267 43 0 
bbox_189.jpg 424 396 254 40 0 
bbox_190.jpg 357 301 31 52 0.0751795541461 
bbox_191.jpg 275 300 59 53 0.14583527656 
bbox_192.jpg 357 301 31 52 0.0751795541461 
bbox_193.jpg 275 300 59 53 0.14583527656 
bbox_194.jpg 275 299 114 54 0.287100083947 
bbox_195.jpg 275 299 114 54 0.287100083947 
bbox_196.jpg 275 299 114 54 0.287100083947 
bbox_197.jpg 595 303 139 55 0.41885820732 
bbox_198.jpg 542 304 13 52 0.0315269098032 
bbox_199.jpg 467 303 41 52 0.0994310232254 
bbox_200.jpg 373 302 64 52 0.155209402108 
bbox_201.jpg 595 303 139 55 0.41885820732 
bbox_202.jpg 542 304 13 52 0.0315269098032 
bbox_203.jpg 372 302 137 53 0.338634455741 
bbox_204.jpg 595 303 139 55 0.41885820732 
bbox_205.jpg 372 301 184 55 0.471970898237 
bbox_206.jpg 372 302 362 56 0.337543540815 
bbox_207.jpg 372 302 362 56 0.337543540815 
bbox_208.jpg 177 118 137 68 0.664147715121 
bbox_209.jpg 152 114 30 46 0.0983816924503 
bbox_210.jpg 152 113 162 73 0.84308832965 
bbox_211.jpg 152 113 162 73 0.84308832965 
bbox_212.jpg 152 113 162 73 0.84308832965 
bbox_213.jpg 152 113 162 73 0.84308832965 
bbox_214.jpg 592 300 204 65 0.726495726496 
bbox_215.jpg 273 295 294 66 0.904952896185 
bbox_216.jpg 592 300 204 65 0.726495726496 
bbox_217.jpg 273 295 294 66 0.904952896185 
bbox_218.jpg 592 300 204 65 0.726495726496 
bbox_219.jpg 273 295 294 66 0.904952896185 
bbox_220.jpg 592 300 204 65 0.726495726496 
bbox_221.jpg 273 295 294 66 0.904952896185 
bbox_222.jpg 592 300 204 65 0.726495726496 
bbox_223.jpg 273 295 294 66 0.904952896185 
bbox_224.jpg 357 301 31 52 0.0751795541461 
bbox_225.jpg 275 300 59 53 0.14583527656 
bbox_226.jpg 357 301 31 52 0.0751795541461 
bbox_227.jpg 275 300 59 53 0.14583527656 
bbox_228.jpg 275 299 114 54 0.287100083947 
bbox_229.jpg 275 299 114 54 0.287100083947 
bbox_230.jpg 275 299 114 54 0.287100083947 
bbox_231.jpg 213 128 102 58 0.421758038069 
bbox_232.jpg 182 70 36 44 0.0726605504587 
bbox_233.jpg 120 57 41 43 0.0694170403587 
bbox_234.jpg 182 70 36 44 0.0726605504587 
bbox_235.jpg 120 57 41 43 0.0694170403587 
bbox_236.jpg 182 70 36 44 0.0726605504587 
bbox_237.jpg 120 57 41 43 0.0694170403587 
bbox_238.jpg 182 70 36 44 0.0726605504587 
bbox_239.jpg 120 57 41 43 0.0694170403587 
bbox_240.jpg 121 56 97 58 0.242972972973 
bbox_241.jpg 592 300 204 65 0.726495726496 
bbox_242.jpg 273 295 294 66 0.904952896185 
bbox_243.jpg 592 300 204 65 0.726495726496 
bbox_244.jpg 273 295 294 66 0.904952896185 
bbox_245.jpg 592 300 204 65 0.726495726496 
bbox_246.jpg 273 295 294 66 0.904952896185 
bbox_247.jpg 592 300 204 65 0.726495726496 
bbox_248.jpg 273 295 294 66 0.904952896185 
bbox_249.jpg 592 300 204 65 0.726495726496 
bbox_250.jpg 273 295 294 66 0.904952896185 
bbox_251.jpg 182 70 36 44 0.0726605504587 
bbox_252.jpg 120 57 41 43 0.0694170403587 
bbox_253.jpg 182 70 36 44 0.0726605504587 
bbox_254.jpg 120 57 41 43 0.0694170403587 
bbox_255.jpg 182 70 36 44 0.0726605504587 
bbox_256.jpg 120 57 41 43 0.0694170403587 
bbox_257.jpg 182 70 36 44 0.0726605504587 
bbox_258.jpg 120 57 41 43 0.0694170403587 
bbox_259.jpg 121 56 97 58 0.242972972973 
bbox_260.jpg 177 118 137 68 0.664147715121 
bbox_261.jpg 152 114 30 46 0.0983816924503 
bbox_262.jpg 152 113 162 73 0.84308832965 
bbox_263.jpg 152 113 162 73 0.84308832965 
bbox_264.jpg 152 113 162 73 0.84308832965 
bbox_265.jpg 152 113 162 73 0.84308832965 
bbox_266.jpg 592 300 204 65 0.726495726496 
bbox_267.jpg 273 295 294 66 0.904952896185 
bbox_268.jpg 592 300 204 65 0.726495726496 
bbox_269.jpg 273 295 294 66 0.904952896185 
bbox_270.jpg 592 300 204 65 0.726495726496 
bbox_271.jpg 273 295 294 66 0.904952896185 
bbox_272.jpg 592 300 204 65 0.726495726496 
bbox_273.jpg 273 295 294 66 0.904952896185 
bbox_274.jpg 592 300 204 65 0.726495726496 
bbox_275.jpg 273 295 294 66 0.904952896185 
bbox_276.jpg 594 399 84 37 0 
bbox_277.jpg 594 399 84 37 0 
bbox_278.jpg 624 304 114 55 0.34352399737 
bbox_279.jpg 624 304 114 55 0.34352399737 
bbox_280.jpg 624 304 114 55 0.34352399737 
bbox_281.jpg 624 304 114 55 0.34352399737 
bbox_282.jpg 624 304 114 55 0.34352399737 
bbox_283.jpg 177 118 138 69 0.678833677907 
bbox_284.jpg 150 112 33 46 0.108219861695 
bbox_285.jpg 150 113 165 75 0.882227133386 
bbox_286.jpg 150 113 165 75 0.882227133386 
bbox_287.jpg 150 113 165 75 0.882227133386 
bbox_288.jpg 150 113 165 75 0.882227133386 
bbox_289.jpg 591 298 206 67 0.756191102345 
bbox_290.jpg 414 296 153 66 0.470944874545 
bbox_291.jpg 272 295 121 64 0.361160339521 
bbox_292.jpg 591 298 206 67 0.756191102345 
bbox_293.jpg 414 296 153 66 0.470944874545 
bbox_294.jpg 272 295 121 64 0.361160339521 
bbox_295.jpg 591 298 206 67 0.756191102345 
bbox_296.jpg 414 296 153 66 0.470944874545 
bbox_297.jpg 272 295 121 64 0.361160339521 
bbox_298.jpg 591 298 206 67 0.756191102345 
bbox_299.jpg 414 296 153 66 0.470944874545 
bbox_300.jpg 272 295 121 64 0.361160339521 
bbox_301.jpg 591 298 206 67 0.756191102345 
bbox_302.jpg 273 294 294 68 0.932375711221 
bbox_303.jpg 357 300 50 55 0.128252961477 
bbox_304.jpg 273 299 59 56 0.154090103535 
bbox_305.jpg 357 300 50 55 0.128252961477 
bbox_306.jpg 273 299 59 56 0.154090103535 
bbox_307.jpg 274 299 133 56 0.347355657122 
bbox_308.jpg 274 299 133 56 0.347355657122 
bbox_309.jpg 274 299 133 56 0.347355657122 
bbox_310.jpg 624 304 114 55 0.34352399737 
bbox_311.jpg 624 304 114 55 0.34352399737 
bbox_312.jpg 624 304 114 55 0.34352399737 
bbox_313.jpg 624 304 114 55 0.34352399737 
bbox_314.jpg 624 304 114 55 0.34352399737 
bbox_315.jpg 177 118 138 69 0.678833677907 
bbox_316.jpg 150 112 33 46 0.108219861695 
bbox_317.jpg 150 113 165 75 0.882227133386 
bbox_318.jpg 150 113 165 75 0.882227133386 
bbox_319.jpg 150 113 165 75 0.882227133386 
bbox_320.jpg 150 113 165 75 0.882227133386 
bbox_321.jpg 591 298 206 67 0.756191102345 
bbox_322.jpg 414 296 153 66 0.470944874545 
bbox_323.jpg 272 295 121 64 0.361160339521 
bbox_324.jpg 591 298 206 67 0.756191102345 
bbox_325.jpg 414 296 153 66 0.470944874545 
bbox_326.jpg 272 295 121 64 0.361160339521 
bbox_327.jpg 591 298 206 67 0.756191102345 
bbox_328.jpg 414 296 153 66 0.470944874545 
bbox_329.jpg 272 295 121 64 0.361160339521 
bbox_330.jpg 591 298 206 67 0.756191102345 
bbox_331.jpg 414 296 153 66 0.470944874545 
bbox_332.jpg 272 295 121 64 0.361160339521 
bbox_333.jpg 591 298 206 67 0.756191102345 
bbox_334.jpg 273 294 294 68 0.932375711221 
bbox_335.jpg 624 304 114 55 0.34352399737 
bbox_336.jpg 624 304 114 55 0.34352399737 
bbox_337.jpg 624 304 114 55 0.34352399737 
bbox_338.jpg 624 304 114 55 0.34352399737 
bbox_339.jpg 624 304 114 55 0.34352399737 
bbox_340.jpg 177 118 138 69 0.678833677907 
bbox_341.jpg 150 112 33 46 0.108219861695 
bbox_342.jpg 150 113 165 75 0.882227133386 
bbox_343.jpg 150 113 165 75 0.882227133386 
bbox_344.jpg 150 113 165 75 0.882227133386 
bbox_345.jpg 150 113 165 75 0.882227133386 
bbox_346.jpg 591 298 206 67 0.756191102345 
bbox_347.jpg 414 296 153 66 0.470944874545 
bbox_348.jpg 317 295 75 65 0.227357522619 
bbox_349.jpg 591 298 206 67 0.756191102345 
bbox_350.jpg 414 296 153 66 0.470944874545 
bbox_351.jpg 317 295 75 65 0.227357522619 
bbox_352.jpg 591 298 206 67 0.756191102345 
bbox_353.jpg 414 296 153 66 0.470944874545 
bbox_354.jpg 317 295 75 65 0.227357522619 
bbox_355.jpg 591 298 206 67 0.756191102345 
bbox_356.jpg 414 296 153 66 0.470944874545 
bbox_357.jpg 317 295 75 65 0.227357522619 
bbox_358.jpg 591 298 206 67 0.756191102345 
bbox_359.jpg 318 295 249 67 0.778052420483 
bbox_360.jpg 417 435 96 53 0 
bbox_361.jpg 593 395 86 41 0 
bbox_362.jpg 490 394 72 41 0 
bbox_363.jpg 593 395 86 41 0 
bbox_364.jpg 490 394 72 41 0 
bbox_365.jpg 593 395 86 41 0 
bbox_366.jpg 490 394 72 41 0 
bbox_367.jpg 593 395 86 41 0 
bbox_368.jpg 490 394 72 41 0 
bbox_369.jpg 593 395 86 41 0 
bbox_370.jpg 490 394 72 41 0 
bbox_371.jpg 600 439 109 43 0 
bbox_372.jpg 540 439 37 41 0 
bbox_373.jpg 600 439 109 43 0 
bbox_374.jpg 540 439 37 41 0 
bbox_375.jpg 600 439 109 43 0 
bbox_376.jpg 540 439 37 41 0 
bbox_377.jpg 600 439 109 43 0 
bbox_378.jpg 540 439 37 41 0 
bbox_379.jpg 541 438 168 44 0 
bbox_380.jpg 591 397 91 47 0 
bbox_381.jpg 593 395 86 41 0 
bbox_382.jpg 490 394 72 41 0 
bbox_383.jpg 593 395 86 41 0 
bbox_384.jpg 490 394 72 41 0 
bbox_385.jpg 593 395 86 41 0 
bbox_386.jpg 490 394 72 41 0 
bbox_387.jpg 593 395 86 41 0 
bbox_388.jpg 490 394 72 41 0 
bbox_389.jpg 593 395 86 41 0 
bbox_390.jpg 490 394 72 41 0 
bbox_391.jpg 541 438 169 45 0 
bbox_392.jpg 485 438 27 41 0 
bbox_393.jpg 541 438 169 45 0 
bbox_394.jpg 485 438 27 41 0 
bbox_395.jpg 541 438 169 45 0 
bbox_396.jpg 485 438 27 41 0 
bbox_397.jpg 541 438 169 45 0 
bbox_398.jpg 485 438 27 41 0 
bbox_399.jpg 486 437 225 46 0 
bbox_400.jpg 273 141 41 43 0.125686176659 
bbox_401.jpg 179 120 90 55 0.352890853354 
bbox_402.jpg 273 141 41 43 0.125686176659 
bbox_403.jpg 179 120 90 55 0.352890853354 
bbox_404.jpg 273 141 41 43 0.125686176659 
bbox_405.jpg 179 120 90 55 0.352890853354 
bbox_406.jpg 273 141 41 43 0.125686176659 
bbox_407.jpg 179 120 90 55 0.352890853354 
bbox_408.jpg 273 141 41 43 0.125686176659 
bbox_409.jpg 179 120 90 55 0.352890853354 
bbox_410.jpg 626 306 115 55 0.346537365768 
bbox_411.jpg 783 306 10 55 0.0301336839798 
bbox_412.jpg 626 306 115 55 0.346537365768 
bbox_413.jpg 783 306 10 55 0.0301336839798 
bbox_414.jpg 626 306 115 55 0.346537365768 
bbox_415.jpg 783 306 10 55 0.0301336839798 
bbox_416.jpg 626 306 115 55 0.346537365768 
bbox_417.jpg 783 306 10 55 0.0301336839798 
bbox_418.jpg 625 305 168 56 0.515450361604 
bbox_419.jpg 754 302 43 63 0.14842209073 
bbox_420.jpg 590 300 119 64 0.417269340346 
bbox_421.jpg 414 297 154 64 0.459658613935 
bbox_422.jpg 272 294 120 64 0.358175543326 
bbox_423.jpg 754 302 43 63 0.14842209073 
bbox_424.jpg 590 300 119 64 0.417269340346 
bbox_425.jpg 414 297 154 64 0.459658613935 
bbox_426.jpg 272 294 120 64 0.358175543326 
bbox_427.jpg 754 302 43 63 0.14842209073 
bbox_428.jpg 273 294 435 70 0.65053151101 
bbox_429.jpg 754 302 43 63 0.14842209073 
bbox_430.jpg 273 294 435 70 0.65053151101 
bbox_431.jpg 754 302 43 63 0.14842209073 
bbox_432.jpg 273 294 435 70 0.65053151101 
bbox_433.jpg 273 141 41 43 0.125686176659 
bbox_434.jpg 179 120 90 55 0.352890853354 
bbox_435.jpg 273 141 41 43 0.125686176659 
bbox_436.jpg 179 120 90 55 0.352890853354 
bbox_437.jpg 273 141 41 43 0.125686176659 
bbox_438.jpg 179 120 90 55 0.352890853354 
bbox_439.jpg 273 141 41 43 0.125686176659 
bbox_440.jpg 179 120 90 55 0.352890853354 
bbox_441.jpg 273 141 41 43 0.125686176659 
bbox_442.jpg 179 120 90 55 0.352890853354 
bbox_443.jpg 626 306 115 55 0.346537365768 
bbox_444.jpg 626 306 115 55 0.346537365768 
bbox_445.jpg 626 306 115 55 0.346537365768 
bbox_446.jpg 626 306 115 55 0.346537365768 
bbox_447.jpg 626 306 115 55 0.346537365768 
bbox_448.jpg 242 130 75 57 0.304769373351 
bbox_449.jpg 151 113 70 55 0.27447066372 
bbox_450.jpg 242 130 75 57 0.304769373351 
bbox_451.jpg 151 113 70 55 0.27447066372 
bbox_452.jpg 242 130 75 57 0.304769373351 
bbox_453.jpg 151 113 70 55 0.27447066372 
bbox_454.jpg 242 130 75 57 0.304769373351 
bbox_455.jpg 151 113 70 55 0.27447066372 
bbox_456.jpg 151 113 166 73 0.863905325444 
bbox_457.jpg 754 302 43 63 0.14842209073 
bbox_458.jpg 590 300 119 64 0.417269340346 
bbox_459.jpg 414 297 154 64 0.459658613935 
bbox_460.jpg 272 294 120 64 0.358175543326 
bbox_461.jpg 754 302 43 63 0.14842209073 
bbox_462.jpg 590 300 119 64 0.417269340346 
bbox_463.jpg 414 297 154 64 0.459658613935 
bbox_464.jpg 272 294 120 64 0.358175543326 
bbox_465.jpg 754 302 43 63 0.14842209073 
bbox_466.jpg 273 294 435 70 0.65053151101 
bbox_467.jpg 754 302 43 63 0.14842209073 
bbox_468.jpg 273 294 435 70 0.65053151101 
bbox_469.jpg 754 302 43 63 0.14842209073 
bbox_470.jpg 273 294 435 70 0.65053151101 
bbox_471.jpg 273 142 40 42 0.119769016896 
bbox_472.jpg 178 121 72 49 0.251514935482 
bbox_473.jpg 273 142 40 42 0.119769016896 
bbox_474.jpg 178 121 72 49 0.251514935482 
bbox_475.jpg 179 121 135 63 0.606330648036 
bbox_476.jpg 179 121 135 63 0.606330648036 
bbox_477.jpg 179 121 135 63 0.606330648036 
bbox_478.jpg 356 300 33 55 0.0846469545751 
bbox_479.jpg 274 298 36 55 0.0923421322638 
bbox_480.jpg 356 300 33 55 0.0846469545751 
bbox_481.jpg 274 298 36 55 0.0923421322638 
bbox_482.jpg 356 300 33 55 0.0846469545751 
bbox_483.jpg 274 298 36 55 0.0923421322638 
bbox_484.jpg 274 298 115 57 0.305708422722 
bbox_485.jpg 274 298 115 57 0.305708422722 
bbox_486.jpg 755 306 40 56 0.122726276572 
bbox_487.jpg 521 301 223 60 0.43055920189 
bbox_488.jpg 521 301 274 61 0.573860155771 
bbox_489.jpg 521 301 274 61 0.573860155771 
bbox_490.jpg 521 301 274 61 0.573860155771 
bbox_491.jpg 521 301 274 61 0.573860155771 
bbox_492.jpg 754 302 43 63 0.14842209073 
bbox_493.jpg 590 300 119 64 0.417269340346 
bbox_494.jpg 414 297 154 64 0.459658613935 
bbox_495.jpg 272 294 120 64 0.358175543326 
bbox_496.jpg 754 302 43 63 0.14842209073 
bbox_497.jpg 590 300 119 64 0.417269340346 
bbox_498.jpg 414 297 154 64 0.459658613935 
bbox_499.jpg 272 294 120 64 0.358175543326 
bbox_500.jpg 754 302 43 63 0.14842209073 
bbox_501.jpg 273 294 435 70 0.65053151101 
bbox_502.jpg 754 302 43 63 0.14842209073 
bbox_503.jpg 273 294 435 70 0.65053151101 
bbox_504.jpg 754 302 43 63 0.14842209073 
bbox_505.jpg 273 294 435 70 0.65053151101 
bbox_506.jpg 541 436 168 47 0 
bbox_507.jpg 417 434 96 45 0 
bbox_508.jpg 541 436 168 47 0 
bbox_509.jpg 417 434 96 45 0 
bbox_510.jpg 541 436 168 47 0 
bbox_511.jpg 417 434 96 45 0 
bbox_512.jpg 541 436 168 47 0 
bbox_513.jpg 417 434 96 45 0 
bbox_514.jpg 541 436 168 47 0 
bbox_515.jpg 417 434 96 45 0 
bbox_516.jpg 592 395 87 43 0 
bbox_517.jpg 490 394 74 43 0 
bbox_518.jpg 421 393 25 42 0 
bbox_519.jpg 592 395 87 43 0 
bbox_520.jpg 490 394 74 43 0 
bbox_521.jpg 421 393 25 42 0 
bbox_522.jpg 490 394 189 44 0 
bbox_523.jpg 421 393 25 42 0 
bbox_524.jpg 490 394 189 44 0 
bbox_525.jpg 421 393 25 42 0 
bbox_526.jpg 490 394 189 44 0 
bbox_527.jpg 421 393 25 42 0 
bbox_528.jpg 540 436 176 47 0 
bbox_529.jpg 416 434 96 45 0 
bbox_530.jpg 540 436 176 47 0 
bbox_531.jpg 416 434 96 45 0 
bbox_532.jpg 540 436 176 47 0 
bbox_533.jpg 416 434 96 45 0 
bbox_534.jpg 540 436 176 47 0 
bbox_535.jpg 416 434 96 45 0 
bbox_536.jpg 540 436 176 47 0 
bbox_537.jpg 416 434 96 45 0 
bbox_538.jpg 593 395 87 43 0 
bbox_539.jpg 490 394 74 43 0 
bbox_540.jpg 422 393 24 42 0 
bbox_541.jpg 367 392 9 42 0 
bbox_542.jpg 490 394 190 44 0 
bbox_543.jpg 422 393 24 42 0 
bbox_544.jpg 367 392 9 42 0 
bbox_545.jpg 490 394 190 44 0 
bbox_546.jpg 422 393 24 42 0 
bbox_547.jpg 367 392 9 42 0 
bbox_548.jpg 368 392 313 46 0 
bbox_549.jpg 368 392 313 46 0 
bbox_550.jpg 541 436 168 47 0 
bbox_551.jpg 417 434 96 45 0 
bbox_552.jpg 541 436 168 47 0 
bbox_553.jpg 417 434 96 45 0 
bbox_554.jpg 541 436 168 47 0 
bbox_555.jpg 417 434 96 45 0 
bbox_556.jpg 541 436 168 47 0 
bbox_557.jpg 417 434 96 45 0 
bbox_558.jpg 541 436 168 47 0 
bbox_559.jpg 417 434 96 45 0 
bbox_560.jpg 592 395 87 43 0 
bbox_561.jpg 490 394 74 43 0 
bbox_562.jpg 421 393 25 42 0 
bbox_563.jpg 592 395 87 43 0 
bbox_564.jpg 490 394 74 43 0 
bbox_565.jpg 421 393 25 42 0 
bbox_566.jpg 490 394 189 44 0 
bbox_567.jpg 421 393 25 42 0 
bbox_568.jpg 490 394 189 44 0 
bbox_569.jpg 421 393 25 42 0 
bbox_570.jpg 490 394 189 44 0 
bbox_571.jpg 421 393 25 42 0 
bbox_572.jpg 356 300 33 55 0.0846469545751 
bbox_573.jpg 275 298 58 56 0.151478406865 
bbox_574.jpg 275 298 113 57 0.300391754501 
bbox_575.jpg 275 298 113 57 0.300391754501 
bbox_576.jpg 275 298 113 57 0.300391754501 
bbox_577.jpg 275 298 113 57 0.300391754501 
bbox_578.jpg 177 118 138 69 0.678833677907 
bbox_579.jpg 151 113 31 46 0.101661082199 
bbox_580.jpg 177 118 138 69 0.678833677907 
bbox_581.jpg 151 113 31 46 0.101661082199 
bbox_582.jpg 150 113 165 74 0.87046410494 
bbox_583.jpg 150 113 165 74 0.87046410494 
bbox_584.jpg 150 113 165 74 0.87046410494 
bbox_585.jpg 754 300 42 64 0.147271531887 
bbox_586.jpg 591 298 118 65 0.420227920228 
bbox_587.jpg 271 294 296 68 0.938718403134 
bbox_588.jpg 754 300 42 64 0.147271531887 
bbox_589.jpg 591 298 118 65 0.420227920228 
bbox_590.jpg 271 294 296 68 0.938718403134 
bbox_591.jpg 754 300 42 64 0.147271531887 
bbox_592.jpg 591 298 118 65 0.420227920228 
bbox_593.jpg 271 294 296 68 0.938718403134 
bbox_594.jpg 754 300 42 64 0.147271531887 
bbox_595.jpg 271 294 438 69 0.662612035851 
bbox_596.jpg 754 300 42 64 0.147271531887 
bbox_597.jpg 271 294 438 69 0.662612035851 
bbox_598.jpg 356 300 33 55 0.0846469545751 
bbox_599.jpg 275 298 58 56 0.151478406865 
bbox_600.jpg 275 298 113 57 0.300391754501 
bbox_601.jpg 275 298 113 57 0.300391754501 
bbox_602.jpg 275 298 113 57 0.300391754501 
bbox_603.jpg 275 298 113 57 0.300391754501 
bbox_604.jpg 177 118 138 69 0.678833677907 
bbox_605.jpg 151 113 31 46 0.101661082199 
bbox_606.jpg 177 118 138 69 0.678833677907 
bbox_607.jpg 151 113 31 46 0.101661082199 
bbox_608.jpg 150 113 165 74 0.87046410494 
bbox_609.jpg 150 113 165 74 0.87046410494 
bbox_610.jpg 150 113 165 74 0.87046410494 
bbox_611.jpg 754 300 42 64 0.147271531887 
bbox_612.jpg 591 298 118 65 0.420227920228 
bbox_613.jpg 271 294 296 68 0.938718403134 
bbox_614.jpg 754 300 42 64 0.147271531887 
bbox_615.jpg 591 298 118 65 0.420227920228 
bbox_616.jpg 271 294 296 68 0.938718403134 
bbox_617.jpg 754 300 42 64 0.147271531887 
bbox_618.jpg 591 298 118 65 0.420227920228 
bbox_619.jpg 271 294 296 68 0.938718403134 
bbox_620.jpg 754 300 42 64 0.147271531887 
bbox_621.jpg 271 294 438 69 0.662612035851 
bbox_622.jpg 754 300 42 64 0.147271531887 
bbox_623.jpg 271 294 438 69 0.662612035851 
bbox_624.jpg 596 304 111 56 0.340565417488 
bbox_625.jpg 493 302 59 56 0.154090103535 
bbox_626.jpg 428 301 10 55 0.0256505922955 
bbox_627.jpg 274 299 92 56 0.240276093648 
bbox_628.jpg 493 302 213 58 0.291876347951 
bbox_629.jpg 428 301 10 55 0.0256505922955 
bbox_630.jpg 274 299 92 56 0.240276093648 
bbox_631.jpg 427 301 279 59 0.273826022497 
bbox_632.jpg 274 299 92 56 0.240276093648 
bbox_633.jpg 275 298 431 62 0.591484835788 
bbox_634.jpg 275 298 431 62 0.591484835788 
bbox_635.jpg 177 118 138 69 0.678833677907 
bbox_636.jpg 151 113 31 46 0.101661082199 
bbox_637.jpg 177 118 138 69 0.678833677907 
bbox_638.jpg 151 113 31 46 0.101661082199 
bbox_639.jpg 150 113 165 74 0.87046410494 
bbox_640.jpg 150 113 165 74 0.87046410494 
bbox_641.jpg 150 113 165 74 0.87046410494 
bbox_642.jpg 754 300 42 64 0.147271531887 
bbox_643.jpg 591 298 118 65 0.420227920228 
bbox_644.jpg 271 294 296 68 0.938718403134 
bbox_645.jpg 754 300 42 64 0.147271531887 
bbox_646.jpg 591 298 118 65 0.420227920228 
bbox_647.jpg 271 294 296 68 0.938718403134 
bbox_648.jpg 754 300 42 64 0.147271531887 
bbox_649.jpg 591 298 118 65 0.420227920228 
bbox_650.jpg 271 294 296 68 0.938718403134 
bbox_651.jpg 754 300 42 64 0.147271531887 
bbox_652.jpg 271 294 438 69 0.662612035851 
bbox_653.jpg 754 300 42 64 0.147271531887 
bbox_654.jpg 271 294 438 69 0.662612035851 
bbox_655.jpg 593 395 87 42 0 
bbox_656.jpg 489 394 74 42 0 
bbox_657.jpg 424 394 21 40 0 
bbox_658.jpg 367 393 10 41 0 
bbox_659.jpg 489 394 191 43 0 
bbox_660.jpg 424 394 21 40 0 
bbox_661.jpg 367 393 10 41 0 
bbox_662.jpg 489 394 191 43 0 
bbox_663.jpg 424 394 21 40 0 
bbox_664.jpg 367 393 10 41 0 
bbox_665.jpg 366 392 314 45 0 
bbox_666.jpg 366 392 314 45 0 
bbox_667.jpg 541 437 168 46 0 
bbox_668.jpg 418 434 94 45 0 
bbox_669.jpg 541 437 168 46 0 
bbox_670.jpg 418 434 94 45 0 
bbox_671.jpg 541 437 168 46 0 
bbox_672.jpg 418 434 94 45 0 
bbox_673.jpg 541 437 168 46 0 
bbox_674.jpg 418 434 94 45 0 
bbox_675.jpg 541 437 168 46 0 
bbox_676.jpg 418 434 94 45 0 
bbox_677.jpg 594 398 85 38 0 
bbox_678.jpg 417 436 97 51 0 
bbox_679.jpg 541 439 84 39 0 
bbox_680.jpg 593 395 87 42 0 
bbox_681.jpg 489 394 74 42 0 
bbox_682.jpg 424 394 21 40 0 
bbox_683.jpg 367 393 10 41 0 
bbox_684.jpg 489 394 191 43 0 
bbox_685.jpg 424 394 21 40 0 
bbox_686.jpg 367 393 10 41 0 
bbox_687.jpg 489 394 191 43 0 
bbox_688.jpg 424 394 21 40 0 
bbox_689.jpg 367 393 10 41 0 
bbox_690.jpg 366 392 314 45 0 
bbox_691.jpg 366 392 314 45 0 
bbox_692.jpg 541 437 168 46 0 
bbox_693.jpg 418 434 94 45 0 
bbox_694.jpg 541 437 168 46 0 
bbox_695.jpg 418 434 94 45 0 
bbox_696.jpg 541 437 168 46 0 
bbox_697.jpg 418 434 94 45 0 
bbox_698.jpg 541 437 168 46 0 
bbox_699.jpg 418 434 94 45 0 
bbox_700.jpg 541 437 168 46 0 
bbox_701.jpg 418 434 94 45 0 
bbox_702.jpg 624 304 109 56 0.33442910366 
bbox_703.jpg 541 303 15 54 0.0377763268352 
bbox_704.jpg 492 302 18 54 0.0453315922022 
bbox_705.jpg 427 302 12 54 0.0302210614681 
bbox_706.jpg 275 299 114 56 0.29773342039 
bbox_707.jpg 624 304 109 56 0.33442910366 
bbox_708.jpg 492 302 63 55 0.161598731462 
bbox_709.jpg 275 299 163 57 0.433308460032 
bbox_710.jpg 624 304 109 56 0.33442910366 
bbox_711.jpg 492 302 63 55 0.161598731462 
bbox_712.jpg 275 299 163 57 0.433308460032 
bbox_713.jpg 624 304 109 56 0.33442910366 
bbox_714.jpg 275 299 281 58 0.760097005876 
bbox_715.jpg 274 299 459 61 0.54993322001 
bbox_716.jpg 177 118 137 68 0.664147715121 
bbox_717.jpg 152 114 30 46 0.0983816924503 
bbox_718.jpg 152 113 162 73 0.84308832965 
bbox_719.jpg 152 113 162 73 0.84308832965 
bbox_720.jpg 152 113 162 73 0.84308832965 
bbox_721.jpg 152 113 162 73 0.84308832965 
bbox_722.jpg 592 298 204 67 0.748849441157 
bbox_723.jpg 272 294 296 67 0.924913720735 
bbox_724.jpg 592 298 204 67 0.748849441157 
bbox_725.jpg 272 294 296 67 0.924913720735 
bbox_726.jpg 592 298 204 67 0.748849441157 
bbox_727.jpg 272 294 296 67 0.924913720735 
bbox_728.jpg 592 298 204 67 0.748849441157 
bbox_729.jpg 272 294 296 67 0.924913720735 
bbox_730.jpg 592 298 204 67 0.748849441157 
bbox_731.jpg 272 294 296 67 0.924913720735 
bbox_732.jpg 625 304 110 56 0.337497260574 
bbox_733.jpg 625 304 110 56 0.337497260574 
bbox_734.jpg 625 304 110 56 0.337497260574 
bbox_735.jpg 625 304 110 56 0.337497260574 
bbox_736.jpg 625 304 110 56 0.337497260574 
bbox_737.jpg 357 301 32 53 0.0790970991512 
bbox_738.jpg 274 299 60 53 0.148307060908 
bbox_739.jpg 274 299 115 55 0.294981811398 
bbox_740.jpg 274 299 115 55 0.294981811398 
bbox_741.jpg 274 299 115 55 0.294981811398 
bbox_742.jpg 274 299 115 55 0.294981811398 
bbox_743.jpg 177 118 137 68 0.664147715121 
bbox_744.jpg 152 114 30 46 0.0983816924503 
bbox_745.jpg 152 113 162 73 0.84308832965 
bbox_746.jpg 152 113 162 73 0.84308832965 
bbox_747.jpg 152 113 162 73 0.84308832965 
bbox_748.jpg 152 113 162 73 0.84308832965 
bbox_749.jpg 592 298 204 67 0.748849441157 
bbox_750.jpg 272 294 296 67 0.924913720735 
bbox_751.jpg 592 298 204 67 0.748849441157 
bbox_752.jpg 272 294 296 67 0.924913720735 
bbox_753.jpg 592 298 204 67 0.748849441157 
bbox_754.jpg 272 294 296 67 0.924913720735 
bbox_755.jpg 592 298 204 67 0.748849441157 
bbox_756.jpg 272 294 296 67 0.924913720735 
bbox_757.jpg 592 298 204 67 0.748849441157 
bbox_758.jpg 272 294 296 67 0.924913720735 
bbox_759.jpg 625 304 110 56 0.337497260574 
bbox_760.jpg 625 304 110 56 0.337497260574 
bbox_761.jpg 625 304 110 56 0.337497260574 
bbox_762.jpg 625 304 110 56 0.337497260574 
bbox_763.jpg 625 304 110 56 0.337497260574 
bbox_764.jpg 492 302 63 54 0.158660572708 
bbox_765.jpg 321 300 118 54 0.297173771103 
bbox_766.jpg 492 302 63 54 0.158660572708 
bbox_767.jpg 321 300 118 54 0.297173771103 
bbox_768.jpg 322 300 233 56 0.60852532413 
bbox_769.jpg 322 300 233 56 0.60852532413 
bbox_770.jpg 322 300 233 56 0.60852532413 
bbox_771.jpg 592 298 204 67 0.748849441157 
bbox_772.jpg 272 294 296 67 0.924913720735 
bbox_773.jpg 592 298 204 67 0.748849441157 
bbox_774.jpg 272 294 296 67 0.924913720735 
bbox_775.jpg 592 298 204 67 0.748849441157 
bbox_776.jpg 272 294 296 67 0.924913720735 
bbox_777.jpg 592 298 204 67 0.748849441157 
bbox_778.jpg 272 294 296 67 0.924913720735 
bbox_779.jpg 592 298 204 67 0.748849441157 
bbox_780.jpg 272 294 296 67 0.924913720735 
bbox_781.jpg 177 118 137 68 0.664147715121 
bbox_782.jpg 152 114 30 46 0.0983816924503 
bbox_783.jpg 152 113 162 73 0.84308832965 
bbox_784.jpg 152 113 162 73 0.84308832965 
bbox_785.jpg 152 113 162 73 0.84308832965 
bbox_786.jpg 152 113 162 73 0.84308832965 
bbox_787.jpg 428 301 123 57 0.326975095607 
bbox_788.jpg 322 299 66 56 0.172371980226 
bbox_789.jpg 428 301 123 57 0.326975095607 
bbox_790.jpg 322 299 66 56 0.172371980226 
bbox_791.jpg 322 299 229 59 0.630118459099 
bbox_792.jpg 322 299 229 59 0.630118459099 
bbox_793.jpg 322 299 229 59 0.630118459099 
bbox_794.jpg 591 299 206 66 0.744904667982 
bbox_795.jpg 272 295 295 67 0.921789012219 
bbox_796.jpg 591 299 206 66 0.744904667982 
bbox_797.jpg 272 295 295 67 0.921789012219 
bbox_798.jpg 591 299 206 66 0.744904667982 
bbox_799.jpg 272 295 295 67 0.921789012219 
bbox_800.jpg 591 299 206 66 0.744904667982 
bbox_801.jpg 272 295 295 67 0.921789012219 
bbox_802.jpg 591 299 206 66 0.744904667982 
bbox_803.jpg 272 295 295 67 0.921789012219 
bbox_804.jpg 177 119 137 67 0.654380836957 
bbox_805.jpg 151 113 32 45 0.102659157339 
bbox_806.jpg 151 113 163 74 0.859913024881 
bbox_807.jpg 151 113 163 74 0.859913024881 
bbox_808.jpg 151 113 163 74 0.859913024881 
bbox_809.jpg 151 113 163 74 0.859913024881 
bbox_810.jpg 591 299 206 66 0.744904667982 
bbox_811.jpg 272 295 295 67 0.921789012219 
bbox_812.jpg 591 299 206 66 0.744904667982 
bbox_813.jpg 272 295 295 67 0.921789012219 
bbox_814.jpg 591 299 206 66 0.744904667982 
bbox_815.jpg 272 295 295 67 0.921789012219 
bbox_816.jpg 591 299 206 66 0.744904667982 
bbox_817.jpg 272 295 295 67 0.921789012219 
bbox_818.jpg 591 299 206 66 0.744904667982 
bbox_819.jpg 272 295 295 67 0.921789012219 
bbox_820.jpg 177 119 137 67 0.654380836957 
bbox_821.jpg 151 113 32 45 0.102659157339 
bbox_822.jpg 151 113 163 74 0.859913024881 
bbox_823.jpg 151 113 163 74 0.859913024881 
bbox_824.jpg 151 113 163 74 0.859913024881 
bbox_825.jpg 151 113 163 74 0.859913024881 
bbox_826.jpg 427 301 93 56 0.242887790318 
bbox_827.jpg 321 299 67 56 0.174983676896 
bbox_828.jpg 427 301 93 56 0.242887790318 
bbox_829.jpg 321 299 67 56 0.174983676896 
bbox_830.jpg 321 299 199 58 0.538289338681 
bbox_831.jpg 321 299 199 58 0.538289338681 
bbox_832.jpg 321 299 199 58 0.538289338681 
bbox_833.jpg 591 299 206 66 0.744904667982 
bbox_834.jpg 272 295 295 67 0.921789012219 
bbox_835.jpg 591 299 206 66 0.744904667982 
bbox_836.jpg 272 295 295 67 0.921789012219 
bbox_837.jpg 591 299 206 66 0.744904667982 
bbox_838.jpg 272 295 295 67 0.921789012219 
bbox_839.jpg 591 299 206 66 0.744904667982 
bbox_840.jpg 272 295 295 67 0.921789012219 
bbox_841.jpg 591 299 206 66 0.744904667982 
bbox_842.jpg 272 295 295 67 0.921789012219 
bbox_843.jpg 177 118 136 69 0.668995508662 
bbox_844.jpg 41 89 142 68 0.103955282824 
bbox_845.jpg 177 118 136 69 0.668995508662 
bbox_846.jpg 41 89 142 68 0.103955282824 
bbox_847.jpg 41 89 272 98 0.45855454095 
bbox_848.jpg 41 89 272 98 0.45855454095 
bbox_849.jpg 41 89 272 98 0.45855454095 
bbox_850.jpg 594 396 84 42 0 
bbox_851.jpg 489 395 74 40 0 
bbox_852.jpg 594 396 84 42 0 
bbox_853.jpg 489 395 74 40 0 
bbox_854.jpg 594 396 84 42 0 
bbox_855.jpg 489 395 74 40 0 
bbox_856.jpg 594 396 84 42 0 
bbox_857.jpg 489 395 74 40 0 
bbox_858.jpg 490 394 188 44 0 
bbox_859.jpg 601 441 85 42 0 
bbox_860.jpg 541 439 36 40 0 
bbox_861.jpg 601 441 85 42 0 
bbox_862.jpg 541 439 36 40 0 
bbox_863.jpg 541 438 145 44 0 
bbox_864.jpg 541 438 145 44 0 
bbox_865.jpg 541 438 145 44 0 
bbox_866.jpg 594 396 84 42 0 
bbox_867.jpg 489 395 74 40 0 
bbox_868.jpg 594 396 84 42 0 
bbox_869.jpg 489 395 74 40 0 
bbox_870.jpg 594 396 84 42 0 
bbox_871.jpg 489 395 74 40 0 
bbox_872.jpg 594 396 84 42 0 
bbox_873.jpg 489 395 74 40 0 
bbox_874.jpg 490 394 188 44 0 
bbox_875.jpg 601 441 85 42 0 
bbox_876.jpg 541 439 36 40 0 
bbox_877.jpg 601 441 85 42 0 
bbox_878.jpg 541 439 36 40 0 
bbox_879.jpg 541 438 145 44 0 
bbox_880.jpg 541 438 145 44 0 
bbox_881.jpg 541 438 145 44 0 
bbox_882.jpg 594 396 84 42 0 
bbox_883.jpg 489 395 74 40 0 
bbox_884.jpg 594 396 84 42 0 
bbox_885.jpg 489 395 74 40 0 
bbox_886.jpg 594 396 84 42 0 
bbox_887.jpg 489 395 74 40 0 
bbox_888.jpg 594 396 84 42 0 
bbox_889.jpg 489 395 74 40 0 
bbox_890.jpg 490 394 188 44 0 
bbox_891.jpg 541 438 116 43 0 
bbox_892.jpg 485 437 27 39 0 
bbox_893.jpg 485 437 172 44 0 
bbox_894.jpg 485 437 172 44 0 
bbox_895.jpg 485 437 172 44 0 
bbox_896.jpg 485 437 172 44 0 
bbox_897.jpg 625 306 109 54 0.322485207101 
bbox_898.jpg 625 306 109 54 0.322485207101 
bbox_899.jpg 625 306 109 54 0.322485207101 
bbox_900.jpg 625 306 109 54 0.322485207101 
bbox_901.jpg 625 306 109 54 0.322485207101 
bbox_902.jpg 592 300 156 65 0.555555555556 
bbox_903.jpg 273 295 294 67 0.918664303703 
bbox_904.jpg 592 300 156 65 0.555555555556 
bbox_905.jpg 273 295 294 67 0.918664303703 
bbox_906.jpg 592 300 156 65 0.555555555556 
bbox_907.jpg 273 295 294 67 0.918664303703 
bbox_908.jpg 592 300 156 65 0.555555555556 
bbox_909.jpg 273 295 294 67 0.918664303703 
bbox_910.jpg 592 300 156 65 0.555555555556 
bbox_911.jpg 273 295 294 67 0.918664303703 
bbox_912.jpg 625 306 109 54 0.322485207101 
bbox_913.jpg 625 306 109 54 0.322485207101 
bbox_914.jpg 625 306 109 54 0.322485207101 
bbox_915.jpg 625 306 109 54 0.322485207101 
bbox_916.jpg 625 306 109 54 0.322485207101 
bbox_917.jpg 592 299 204 66 0.737672583826 
bbox_918.jpg 272 295 295 66 0.908030967261 
bbox_919.jpg 592 299 204 66 0.737672583826 
bbox_920.jpg 272 295 295 66 0.908030967261 
bbox_921.jpg 592 299 204 66 0.737672583826 
bbox_922.jpg 272 295 295 66 0.908030967261 
bbox_923.jpg 592 299 204 66 0.737672583826 
bbox_924.jpg 272 295 295 66 0.908030967261 
bbox_925.jpg 592 299 204 66 0.737672583826 
bbox_926.jpg 272 295 295 66 0.908030967261 
bbox_927.jpg 153 113 160 72 0.821273258715 
bbox_928.jpg 36 96 31 52 0 
bbox_929.jpg 153 113 160 72 0.821273258715 
bbox_930.jpg 36 96 31 52 0 
bbox_931.jpg 153 113 160 72 0.821273258715 
bbox_932.jpg 36 96 31 52 0 
bbox_933.jpg 153 113 160 72 0.821273258715 
bbox_934.jpg 36 96 31 52 0 
bbox_935.jpg 153 113 160 72 0.821273258715 
bbox_936.jpg 36 96 31 52 0 
bbox_937.jpg 273 142 41 41 0.119840307977 
bbox_938.jpg 179 122 70 49 0.244528409496 
bbox_939.jpg 273 142 41 41 0.119840307977 
bbox_940.jpg 179 122 70 49 0.244528409496 
bbox_941.jpg 273 142 41 41 0.119840307977 
bbox_942.jpg 179 122 70 49 0.244528409496 
bbox_943.jpg 178 122 135 61 0.587082056035 
bbox_944.jpg 178 122 135 61 0.587082056035 
bbox_945.jpg 625 306 109 54 0.322485207101 
bbox_946.jpg 625 306 109 54 0.322485207101 
bbox_947.jpg 625 306 109 54 0.322485207101 
bbox_948.jpg 625 306 109 54 0.322485207101 
bbox_949.jpg 625 306 109 54 0.322485207101 
bbox_950.jpg 592 299 204 66 0.737672583826 
bbox_951.jpg 272 295 295 66 0.908030967261 
bbox_952.jpg 592 299 204 66 0.737672583826 
bbox_953.jpg 272 295 295 66 0.908030967261 
bbox_954.jpg 592 299 204 66 0.737672583826 
bbox_955.jpg 272 295 295 66 0.908030967261 
bbox_956.jpg 592 299 204 66 0.737672583826 
bbox_957.jpg 272 295 295 66 0.908030967261 
bbox_958.jpg 592 299 204 66 0.737672583826 
bbox_959.jpg 272 295 295 66 0.908030967261 
bbox_960.jpg 540 436 168 47 0 
bbox_961.jpg 418 433 93 46 0 
bbox_962.jpg 540 436 168 47 0 
bbox_963.jpg 418 433 93 46 0 
bbox_964.jpg 540 436 168 47 0 
bbox_965.jpg 418 433 93 46 0 
bbox_966.jpg 540 436 168 47 0 
bbox_967.jpg 418 433 93 46 0 
bbox_968.jpg 540 436 168 47 0 
bbox_969.jpg 418 433 93 46 0 
bbox_970.jpg 593 395 87 43 0 
bbox_971.jpg 490 394 73 43 0 
bbox_972.jpg 421 394 26 42 0 
bbox_973.jpg 593 395 87 43 0 
bbox_974.jpg 490 394 73 43 0 
bbox_975.jpg 421 394 26 42 0 
bbox_976.jpg 490 394 190 44 0 
bbox_977.jpg 421 394 26 42 0 
bbox_978.jpg 490 394 190 44 0 
bbox_979.jpg 421 394 26 42 0 
bbox_980.jpg 422 394 258 44 0 
bbox_981.jpg 540 436 168 47 0 
bbox_982.jpg 418 433 93 46 0 
bbox_983.jpg 540 436 168 47 0 
bbox_984.jpg 418 433 93 46 0 
bbox_985.jpg 540 436 168 47 0 
bbox_986.jpg 418 433 93 46 0 
bbox_987.jpg 540 436 168 47 0 
bbox_988.jpg 418 433 93 46 0 
bbox_989.jpg 540 436 168 47 0 
bbox_990.jpg 418 433 93 46 0 
bbox_991.jpg 593 395 87 43 0 
bbox_992.jpg 490 394 73 43 0 
bbox_993.jpg 421 394 26 42 0 
bbox_994.jpg 593 395 87 43 0 
bbox_995.jpg 490 394 73 43 0 
bbox_996.jpg 421 394 26 42 0 
bbox_997.jpg 490 394 190 44 0 
bbox_998.jpg 421 394 26 42 0 
bbox_999.jpg 490 394 190 44 0 
bbox_1000.jpg 421 394 26 42 0 
bbox_1001.jpg 422 394 258 44 0 
bbox_1002.jpg 540 436 168 47 0 
bbox_1003.jpg 418 433 93 46 0 
bbox_1004.jpg 540 436 168 47 0 
bbox_1005.jpg 418 433 93 46 0 
bbox_1006.jpg 540 436 168 47 0 
bbox_1007.jpg 418 433 93 46 0 
bbox_1008.jpg 540 436 168 47 0 
bbox_1009.jpg 418 433 93 46 0 
bbox_1010.jpg 540 436 168 47 0 
bbox_1011.jpg 418 433 93 46 0 
bbox_1012.jpg 593 395 87 43 0 
bbox_1013.jpg 490 394 73 43 0 
bbox_1014.jpg 421 394 26 42 0 
bbox_1015.jpg 593 395 87 43 0 
bbox_1016.jpg 490 394 73 43 0 
bbox_1017.jpg 421 394 26 42 0 
bbox_1018.jpg 490 394 190 44 0 
bbox_1019.jpg 421 394 26 42 0 
bbox_1020.jpg 490 394 190 44 0 
bbox_1021.jpg 421 394 26 42 0 
bbox_1022.jpg 422 394 258 44 0 
bbox_1023.jpg 674 306 66 53 0.191650230112 
bbox_1024.jpg 591 298 205 67 0.752520271751 
bbox_1025.jpg 271 294 296 68 0.938718403134 
bbox_1026.jpg 591 298 205 67 0.752520271751 
bbox_1027.jpg 271 294 296 68 0.938718403134 
bbox_1028.jpg 591 298 205 67 0.752520271751 
bbox_1029.jpg 271 294 296 68 0.938718403134 
bbox_1030.jpg 591 298 205 67 0.752520271751 
bbox_1031.jpg 271 294 296 68 0.938718403134 
bbox_1032.jpg 591 298 205 67 0.752520271751 
bbox_1033.jpg 271 294 296 68 0.938718403134 
bbox_1034.jpg 177 118 138 70 0.688671847152 
bbox_1035.jpg 151 114 32 45 0.102659157339 
bbox_1036.jpg 151 113 164 74 0.865188564911 
bbox_1037.jpg 151 113 164 74 0.865188564911 
bbox_1038.jpg 151 113 164 74 0.865188564911 
bbox_1039.jpg 151 113 164 74 0.865188564911 
bbox_1040.jpg 591 298 205 67 0.752520271751 
bbox_1041.jpg 271 294 296 68 0.938718403134 
bbox_1042.jpg 591 298 205 67 0.752520271751 
bbox_1043.jpg 271 294 296 68 0.938718403134 
bbox_1044.jpg 591 298 205 67 0.752520271751 
bbox_1045.jpg 271 294 296 68 0.938718403134 
bbox_1046.jpg 591 298 205 67 0.752520271751 
bbox_1047.jpg 271 294 296 68 0.938718403134 
bbox_1048.jpg 591 298 205 67 0.752520271751 
bbox_1049.jpg 271 294 296 68 0.938718403134 
bbox_1050.jpg 177 118 138 70 0.688671847152 
bbox_1051.jpg 151 114 32 45 0.102659157339 
bbox_1052.jpg 151 113 164 74 0.865188564911 
bbox_1053.jpg 151 113 164 74 0.865188564911 
bbox_1054.jpg 151 113 164 74 0.865188564911 
bbox_1055.jpg 151 113 164 74 0.865188564911 
bbox_1056.jpg 674 306 66 53 0.191650230112 
bbox_1057.jpg 279 94 63 50 0.144495412844 
bbox_1058.jpg 541 437 167 45 0 
bbox_1059.jpg 416 436 96 44 0 
bbox_1060.jpg 365 435 13 43 0 
bbox_1061.jpg 541 437 167 45 0 
bbox_1062.jpg 416 436 96 44 0 
bbox_1063.jpg 365 435 13 43 0 
bbox_1064.jpg 541 437 167 45 0 
bbox_1065.jpg 416 436 96 44 0 
bbox_1066.jpg 365 435 13 43 0 
bbox_1067.jpg 417 436 291 46 0 
bbox_1068.jpg 365 435 13 43 0 
bbox_1069.jpg 417 436 291 46 0 
bbox_1070.jpg 365 435 13 43 0 
bbox_1071.jpg 593 396 87 41 0 
bbox_1072.jpg 490 394 72 41 0 
bbox_1073.jpg 424 395 21 39 0 
bbox_1074.jpg 367 394 10 39 0 
bbox_1075.jpg 490 395 190 41 0 
bbox_1076.jpg 424 395 21 39 0 
bbox_1077.jpg 367 394 10 39 0 
bbox_1078.jpg 490 395 190 41 0 
bbox_1079.jpg 424 395 21 39 0 
bbox_1080.jpg 367 394 10 39 0 
bbox_1081.jpg 366 394 314 42 0 
bbox_1082.jpg 366 394 314 42 0 
bbox_1083.jpg 540 437 168 45 0 
bbox_1084.jpg 418 435 94 44 0 
bbox_1085.jpg 540 437 168 45 0 
bbox_1086.jpg 418 435 94 44 0 
bbox_1087.jpg 540 437 168 45 0 
bbox_1088.jpg 418 435 94 44 0 
bbox_1089.jpg 540 437 168 45 0 
bbox_1090.jpg 418 435 94 44 0 
bbox_1091.jpg 540 437 168 45 0 
bbox_1092.jpg 418 435 94 44 0 
bbox_1093.jpg 593 395 86 42 0 
bbox_1094.jpg 491 394 71 42 0 
bbox_1095.jpg 424 394 23 41 0 
bbox_1096.jpg 593 395 86 42 0 
bbox_1097.jpg 491 394 71 42 0 
bbox_1098.jpg 424 394 23 41 0 
bbox_1099.jpg 490 394 189 43 0 
bbox_1100.jpg 424 394 23 41 0 
bbox_1101.jpg 490 394 189 43 0 
bbox_1102.jpg 424 394 23 41 0 
bbox_1103.jpg 424 394 255 43 0 
bbox_1104.jpg 541 437 167 45 0 
bbox_1105.jpg 416 436 96 44 0 
bbox_1106.jpg 365 435 13 43 0 
bbox_1107.jpg 541 437 167 45 0 
bbox_1108.jpg 416 436 96 44 0 
bbox_1109.jpg 365 435 13 43 0 
bbox_1110.jpg 541 437 167 45 0 
bbox_1111.jpg 416 436 96 44 0 
bbox_1112.jpg 365 435 13 43 0 
bbox_1113.jpg 417 436 291 46 0 
bbox_1114.jpg 365 435 13 43 0 
bbox_1115.jpg 417 436 291 46 0 
bbox_1116.jpg 365 435 13 43 0 
bbox_1117.jpg 593 396 87 41 0 
bbox_1118.jpg 490 394 72 41 0 
bbox_1119.jpg 424 395 21 39 0 
bbox_1120.jpg 367 394 10 39 0 
bbox_1121.jpg 490 395 190 41 0 
bbox_1122.jpg 424 395 21 39 0 
bbox_1123.jpg 367 394 10 39 0 
bbox_1124.jpg 490 395 190 41 0 
bbox_1125.jpg 424 395 21 39 0 
bbox_1126.jpg 367 394 10 39 0 
bbox_1127.jpg 366 394 314 42 0 
bbox_1128.jpg 366 394 314 42 0 
bbox_1129.jpg 755 302 41 63 0.141518737673 
bbox_1130.jpg 591 299 156 65 0.555555555556 
bbox_1131.jpg 273 295 294 67 0.918664303703 
bbox_1132.jpg 591 299 206 66 0.744904667982 
bbox_1133.jpg 273 295 294 67 0.918664303703 
bbox_1134.jpg 591 299 206 66 0.744904667982 
bbox_1135.jpg 273 295 294 67 0.918664303703 
bbox_1136.jpg 591 299 206 66 0.744904667982 
bbox_1137.jpg 273 295 294 67 0.918664303703 
bbox_1138.jpg 591 299 206 66 0.744904667982 
bbox_1139.jpg 273 295 294 67 0.918664303703 
bbox_1140.jpg 178 118 137 68 0.664147715121 
bbox_1141.jpg 152 113 31 46 0.101661082199 
bbox_1142.jpg 178 118 137 68 0.664147715121 
bbox_1143.jpg 152 113 31 46 0.101661082199 
bbox_1144.jpg 178 118 137 68 0.664147715121 
bbox_1145.jpg 152 113 31 46 0.101661082199 
bbox_1146.jpg 151 113 165 73 0.858701076495 
bbox_1147.jpg 151 113 165 73 0.858701076495 
bbox_1148.jpg 755 302 41 63 0.141518737673 
bbox_1149.jpg 591 299 156 65 0.555555555556 
bbox_1150.jpg 273 295 294 67 0.918664303703 
bbox_1151.jpg 591 299 206 66 0.744904667982 
bbox_1152.jpg 273 295 294 67 0.918664303703 
bbox_1153.jpg 591 299 206 66 0.744904667982 
bbox_1154.jpg 273 295 294 67 0.918664303703 
bbox_1155.jpg 591 299 206 66 0.744904667982 
bbox_1156.jpg 273 295 294 67 0.918664303703 
bbox_1157.jpg 591 299 206 66 0.744904667982 
bbox_1158.jpg 273 295 294 67 0.918664303703 
bbox_1159.jpg 153 113 160 72 0.821273258715 
bbox_1160.jpg 34 96 34 52 0 
bbox_1161.jpg 153 113 160 72 0.821273258715 
bbox_1162.jpg 34 96 34 52 0 
bbox_1163.jpg 153 113 160 72 0.821273258715 
bbox_1164.jpg 34 96 34 52 0 
bbox_1165.jpg 153 113 160 72 0.821273258715 
bbox_1166.jpg 34 96 34 52 0 
bbox_1167.jpg 153 113 160 72 0.821273258715 
bbox_1168.jpg 34 96 34 52 0 
bbox_1169.jpg 591 299 206 66 0.744904667982 
bbox_1170.jpg 272 295 295 66 0.908030967261 
bbox_1171.jpg 591 299 206 66 0.744904667982 
bbox_1172.jpg 272 295 295 66 0.908030967261 
bbox_1173.jpg 591 299 206 66 0.744904667982 
bbox_1174.jpg 272 295 295 66 0.908030967261 
bbox_1175.jpg 591 299 206 66 0.744904667982 
bbox_1176.jpg 272 295 295 66 0.908030967261 
bbox_1177.jpg 591 299 206 66 0.744904667982 
bbox_1178.jpg 272 295 295 66 0.908030967261 
bbox_1179.jpg 153 112 159 72 0.816140300848 
bbox_1180.jpg 36 96 32 52 0 
bbox_1181.jpg 153 112 159 72 0.816140300848 
bbox_1182.jpg 36 96 32 52 0 
bbox_1183.jpg 153 112 159 72 0.816140300848 
bbox_1184.jpg 36 96 32 52 0 
bbox_1185.jpg 153 112 159 72 0.816140300848 
bbox_1186.jpg 36 96 32 52 0 
bbox_1187.jpg 153 112 159 72 0.816140300848 
bbox_1188.jpg 36 96 32 52 0 
bbox_1189.jpg 153 112 159 72 0.816140300848 
bbox_1190.jpg 36 96 32 52 0 
bbox_1191.jpg 153 112 159 72 0.816140300848 
bbox_1192.jpg 36 96 32 52 0 
bbox_1193.jpg 153 112 159 72 0.816140300848 
bbox_1194.jpg 36 96 32 52 0 
bbox_1195.jpg 153 112 159 72 0.816140300848 
bbox_1196.jpg 36 96 32 52 0 
bbox_1197.jpg 153 112 159 72 0.816140300848 
bbox_1198.jpg 36 96 32 52 0 
bbox_1199.jpg 350 264 110 9 0 
bbox_1200.jpg 591 299 206 66 0.744904667982 
bbox_1201.jpg 272 295 295 66 0.908030967261 
bbox_1202.jpg 591 299 206 66 0.744904667982 
bbox_1203.jpg 272 295 295 66 0.908030967261 
bbox_1204.jpg 591 299 206 66 0.744904667982 
bbox_1205.jpg 272 295 295 66 0.908030967261 
bbox_1206.jpg 591 299 206 66 0.744904667982 
bbox_1207.jpg 272 295 295 66 0.908030967261 
bbox_1208.jpg 591 299 206 66 0.744904667982 
bbox_1209.jpg 272 295 295 66 0.908030967261 
bbox_1210.jpg 591 299 206 66 0.744904667982 
bbox_1211.jpg 272 295 295 66 0.908030967261 
bbox_1212.jpg 591 299 206 66 0.744904667982 
bbox_1213.jpg 272 295 295 66 0.908030967261 
bbox_1214.jpg 591 299 206 66 0.744904667982 
bbox_1215.jpg 272 295 295 66 0.908030967261 
bbox_1216.jpg 591 299 206 66 0.744904667982 
bbox_1217.jpg 272 295 295 66 0.908030967261 
bbox_1218.jpg 591 299 206 66 0.744904667982 
bbox_1219.jpg 272 295 295 66 0.908030967261 
bbox_1220.jpg 177 118 103 63 0.462607827761 
bbox_1221.jpg 151 113 32 45 0.102659157339 
bbox_1222.jpg 150 114 129 66 0.606972267769 
bbox_1223.jpg 150 114 129 66 0.606972267769 
bbox_1224.jpg 150 114 129 66 0.606972267769 
bbox_1225.jpg 150 114 129 66 0.606972267769 
bbox_1226.jpg 418 436 95 51 0 
bbox_1227.jpg 418 436 95 51 0 
bbox_1228.jpg 418 436 95 51 0 
bbox_1229.jpg 624 304 109 56 0.33442910366 
bbox_1230.jpg 541 303 11 54 0.0277026396791 
bbox_1231.jpg 428 301 85 55 0.218030034512 
bbox_1232.jpg 273 299 115 55 0.294981811398 
bbox_1233.jpg 624 304 109 56 0.33442910366 
bbox_1234.jpg 429 301 122 56 0.318626993751 
bbox_1235.jpg 273 299 115 55 0.294981811398 
bbox_1236.jpg 624 304 109 56 0.33442910366 
bbox_1237.jpg 274 299 278 58 0.751982091223 
bbox_1238.jpg 624 304 109 56 0.33442910366 
bbox_1239.jpg 274 299 278 58 0.751982091223 
bbox_1240.jpg 624 304 109 56 0.33442910366 
bbox_1241.jpg 274 299 278 58 0.751982091223 
bbox_1242.jpg 592 299 206 66 0.744904667982 
bbox_1243.jpg 272 295 295 67 0.921789012219 
bbox_1244.jpg 592 299 206 66 0.744904667982 
bbox_1245.jpg 272 295 295 67 0.921789012219 
bbox_1246.jpg 592 299 206 66 0.744904667982 
bbox_1247.jpg 272 295 295 67 0.921789012219 
bbox_1248.jpg 592 299 206 66 0.744904667982 
bbox_1249.jpg 272 295 295 67 0.921789012219 
bbox_1250.jpg 592 299 206 66 0.744904667982 
bbox_1251.jpg 272 295 295 67 0.921789012219 
bbox_1252.jpg 152 113 161 72 0.826406216582 
bbox_1253.jpg 36 96 31 52 0 
bbox_1254.jpg 152 113 161 72 0.826406216582 
bbox_1255.jpg 36 96 31 52 0 
bbox_1256.jpg 152 113 161 72 0.826406216582 
bbox_1257.jpg 36 96 31 52 0 
bbox_1258.jpg 152 113 161 72 0.826406216582 
bbox_1259.jpg 36 96 31 52 0 
bbox_1260.jpg 152 113 161 72 0.826406216582 
bbox_1261.jpg 36 96 31 52 0 
bbox_1262.jpg 592 299 206 66 0.744904667982 
bbox_1263.jpg 272 295 295 67 0.921789012219 
bbox_1264.jpg 592 299 206 66 0.744904667982 
bbox_1265.jpg 272 295 295 67 0.921789012219 
bbox_1266.jpg 592 299 206 66 0.744904667982 
bbox_1267.jpg 272 295 295 67 0.921789012219 
bbox_1268.jpg 592 299 206 66 0.744904667982 
bbox_1269.jpg 272 295 295 67 0.921789012219 
bbox_1270.jpg 592 299 206 66 0.744904667982 
bbox_1271.jpg 272 295 295 67 0.921789012219 
bbox_1272.jpg 152 113 161 72 0.826406216582 
bbox_1273.jpg 36 96 31 52 0 
bbox_1274.jpg 152 113 161 72 0.826406216582 
bbox_1275.jpg 36 96 31 52 0 
bbox_1276.jpg 152 113 161 72 0.826406216582 
bbox_1277.jpg 36 96 31 52 0 
bbox_1278.jpg 152 113 161 72 0.826406216582 
bbox_1279.jpg 36 96 31 52 0 
bbox_1280.jpg 152 113 161 72 0.826406216582 
bbox_1281.jpg 36 96 31 52 0 
bbox_1282.jpg 592 299 206 66 0.744904667982 
bbox_1283.jpg 272 295 295 67 0.921789012219 
bbox_1284.jpg 592 299 206 66 0.744904667982 
bbox_1285.jpg 272 295 295 67 0.921789012219 
bbox_1286.jpg 592 299 206 66 0.744904667982 
bbox_1287.jpg 272 295 295 67 0.921789012219 
bbox_1288.jpg 592 299 206 66 0.744904667982 
bbox_1289.jpg 272 295 295 67 0.921789012219 
bbox_1290.jpg 592 299 206 66 0.744904667982 
bbox_1291.jpg 272 295 295 67 0.921789012219 
bbox_1292.jpg 541 436 168 46 0 
bbox_1293.jpg 416 434 96 45 0 
bbox_1294.jpg 364 433 14 44 0 
bbox_1295.jpg 541 436 168 46 0 
bbox_1296.jpg 416 434 96 45 0 
bbox_1297.jpg 364 433 14 44 0 
bbox_1298.jpg 541 436 168 46 0 
bbox_1299.jpg 416 434 96 45 0 
bbox_1300.jpg 364 433 14 44 0 
bbox_1301.jpg 541 436 168 46 0 
bbox_1302.jpg 416 434 96 45 0 
bbox_1303.jpg 364 433 14 44 0 
bbox_1304.jpg 417 434 291 48 0 
bbox_1305.jpg 364 433 14 44 0 
bbox_1306.jpg 427 426 178 8 0 
bbox_1307.jpg 594 395 86 43 0 
bbox_1308.jpg 491 394 71 43 0 
bbox_1309.jpg 421 394 25 42 0 
bbox_1310.jpg 367 393 32 42 0 
bbox_1311.jpg 594 395 86 43 0 
bbox_1312.jpg 491 394 71 43 0 
bbox_1313.jpg 367 393 79 43 0 
bbox_1314.jpg 491 394 189 44 0 
bbox_1315.jpg 367 393 79 43 0 
bbox_1316.jpg 491 394 189 44 0 
bbox_1317.jpg 367 393 79 43 0 
bbox_1318.jpg 367 393 314 45 0 
bbox_1319.jpg 541 436 168 46 0 
bbox_1320.jpg 416 434 96 45 0 
bbox_1321.jpg 364 433 14 44 0 
bbox_1322.jpg 541 436 168 46 0 
bbox_1323.jpg 416 434 96 45 0 
bbox_1324.jpg 364 433 14 44 0 
bbox_1325.jpg 541 436 168 46 0 
bbox_1326.jpg 416 434 96 45 0 
bbox_1327.jpg 364 433 14 44 0 
bbox_1328.jpg 541 436 168 46 0 
bbox_1329.jpg 416 434 96 45 0 
bbox_1330.jpg 364 433 14 44 0 
bbox_1331.jpg 417 434 291 48 0 
bbox_1332.jpg 364 433 14 44 0 
bbox_1333.jpg 427 426 178 8 0 
bbox_1334.jpg 594 395 86 43 0 
bbox_1335.jpg 491 394 71 43 0 
bbox_1336.jpg 421 394 25 42 0 
bbox_1337.jpg 367 393 32 42 0 
bbox_1338.jpg 594 395 86 43 0 
bbox_1339.jpg 491 394 71 43 0 
bbox_1340.jpg 367 393 79 43 0 
bbox_1341.jpg 491 394 189 44 0 
bbox_1342.jpg 367 393 79 43 0 
bbox_1343.jpg 491 394 189 44 0 
bbox_1344.jpg 367 393 79 43 0 
bbox_1345.jpg 367 393 314 45 0 
bbox_1346.jpg 540 436 168 47 0 
bbox_1347.jpg 418 433 94 46 0 
bbox_1348.jpg 540 436 168 47 0 
bbox_1349.jpg 418 433 94 46 0 
bbox_1350.jpg 540 436 168 47 0 
bbox_1351.jpg 418 433 94 46 0 
bbox_1352.jpg 540 436 168 47 0 
bbox_1353.jpg 418 433 94 46 0 
bbox_1354.jpg 540 436 168 47 0 
bbox_1355.jpg 418 433 94 46 0 
bbox_1356.jpg 594 395 86 43 0 
bbox_1357.jpg 491 394 71 43 0 
bbox_1358.jpg 421 394 25 42 0 
bbox_1359.jpg 367 393 10 42 0 
bbox_1360.jpg 491 394 189 44 0 
bbox_1361.jpg 421 394 25 42 0 
bbox_1362.jpg 367 393 10 42 0 
bbox_1363.jpg 491 394 189 44 0 
bbox_1364.jpg 421 394 25 42 0 
bbox_1365.jpg 367 393 10 42 0 
bbox_1366.jpg 367 393 314 45 0 
bbox_1367.jpg 367 393 314 45 0 
bbox_1368.jpg 715 306 19 53 0.0551720359413 
bbox_1369.jpg 595 304 88 55 0.265176419023 
bbox_1370.jpg 541 303 12 54 0.0302210614681 
bbox_1371.jpg 275 299 233 57 0.619391847775 
bbox_1372.jpg 595 304 138 56 0.423405654175 
bbox_1373.jpg 275 299 278 58 0.751982091223 
bbox_1374.jpg 274 299 459 61 0.54993322001 
bbox_1375.jpg 274 299 459 61 0.54993322001 
bbox_1376.jpg 274 299 459 61 0.54993322001 
bbox_1377.jpg 754 301 42 63 0.144970414201 
bbox_1378.jpg 591 299 156 65 0.555555555556 
bbox_1379.jpg 271 295 296 67 0.924913720735 
bbox_1380.jpg 591 299 204 66 0.737672583826 
bbox_1381.jpg 271 295 296 67 0.924913720735 
bbox_1382.jpg 591 299 204 66 0.737672583826 
bbox_1383.jpg 271 295 296 67 0.924913720735 
bbox_1384.jpg 591 299 204 66 0.737672583826 
bbox_1385.jpg 271 295 296 67 0.924913720735 
bbox_1386.jpg 591 299 204 66 0.737672583826 
bbox_1387.jpg 271 295 296 67 0.924913720735 
bbox_1388.jpg 177 119 138 67 0.659157339417 
bbox_1389.jpg 152 113 31 45 0.0994510586726 
bbox_1390.jpg 177 119 138 67 0.659157339417 
bbox_1391.jpg 152 113 31 45 0.0994510586726 
bbox_1392.jpg 151 114 164 72 0.841805090183 
bbox_1393.jpg 151 114 164 72 0.841805090183 
bbox_1394.jpg 151 114 164 72 0.841805090183 
bbox_1395.jpg 715 306 19 53 0.0551720359413 
bbox_1396.jpg 595 304 88 55 0.265176419023 
bbox_1397.jpg 541 303 12 54 0.0302210614681 
bbox_1398.jpg 275 299 233 57 0.619391847775 
bbox_1399.jpg 595 304 138 56 0.423405654175 
bbox_1400.jpg 275 299 278 58 0.751982091223 
bbox_1401.jpg 274 299 459 61 0.54993322001 
bbox_1402.jpg 274 299 459 61 0.54993322001 
bbox_1403.jpg 274 299 459 61 0.54993322001 
bbox_1404.jpg 754 301 42 63 0.144970414201 
bbox_1405.jpg 591 299 156 65 0.555555555556 
bbox_1406.jpg 271 295 296 67 0.924913720735 
bbox_1407.jpg 591 299 204 66 0.737672583826 
bbox_1408.jpg 271 295 296 67 0.924913720735 
bbox_1409.jpg 591 299 204 66 0.737672583826 
bbox_1410.jpg 271 295 296 67 0.924913720735 
bbox_1411.jpg 591 299 204 66 0.737672583826 
bbox_1412.jpg 271 295 296 67 0.924913720735 
bbox_1413.jpg 591 299 204 66 0.737672583826 
bbox_1414.jpg 271 295 296 67 0.924913720735 
bbox_1415.jpg 153 113 160 72 0.821273258715 
bbox_1416.jpg 36 96 31 52 0 
bbox_1417.jpg 153 113 160 72 0.821273258715 
bbox_1418.jpg 36 96 31 52 0 
bbox_1419.jpg 153 113 160 72 0.821273258715 
bbox_1420.jpg 36 96 31 52 0 
bbox_1421.jpg 153 113 160 72 0.821273258715 
bbox_1422.jpg 36 96 31 52 0 
bbox_1423.jpg 153 113 160 72 0.821273258715 
bbox_1424.jpg 36 96 31 52 0 
bbox_1425.jpg 715 306 19 53 0.0551720359413 
bbox_1426.jpg 595 304 88 55 0.265176419023 
bbox_1427.jpg 541 303 12 54 0.0302210614681 
bbox_1428.jpg 275 299 233 57 0.619391847775 
bbox_1429.jpg 595 304 138 56 0.423405654175 
bbox_1430.jpg 275 299 278 58 0.751982091223 
bbox_1431.jpg 274 299 459 61 0.54993322001 
bbox_1432.jpg 274 299 459 61 0.54993322001 
bbox_1433.jpg 274 299 459 61 0.54993322001 
bbox_1434.jpg 754 301 42 63 0.144970414201 
bbox_1435.jpg 591 299 156 65 0.555555555556 
bbox_1436.jpg 271 295 296 67 0.924913720735 
bbox_1437.jpg 591 299 204 66 0.737672583826 
bbox_1438.jpg 271 295 296 67 0.924913720735 
bbox_1439.jpg 591 299 204 66 0.737672583826 
bbox_1440.jpg 271 295 296 67 0.924913720735 
bbox_1441.jpg 591 299 204 66 0.737672583826 
bbox_1442.jpg 271 295 296 67 0.924913720735 
bbox_1443.jpg 591 299 204 66 0.737672583826 
bbox_1444.jpg 271 295 296 67 0.924913720735 
bbox_1445.jpg 177 119 138 67 0.659157339417 
bbox_1446.jpg 152 113 31 45 0.0994510586726 
bbox_1447.jpg 177 119 138 67 0.659157339417 
bbox_1448.jpg 152 113 31 45 0.0994510586726 
bbox_1449.jpg 151 114 164 72 0.841805090183 
bbox_1450.jpg 151 114 164 72 0.841805090183 
bbox_1451.jpg 151 114 164 72 0.841805090183 
bbox_1452.jpg 540 437 167 45 0 
bbox_1453.jpg 419 435 92 44 0 
bbox_1454.jpg 540 437 167 45 0 
bbox_1455.jpg 419 435 92 44 0 
bbox_1456.jpg 540 437 167 45 0 
bbox_1457.jpg 419 435 92 44 0 
bbox_1458.jpg 540 437 167 45 0 
bbox_1459.jpg 419 435 92 44 0 
bbox_1460.jpg 540 437 167 45 0 
bbox_1461.jpg 419 435 92 44 0 
bbox_1462.jpg 594 395 85 42 0 
bbox_1463.jpg 491 394 71 42 0 
bbox_1464.jpg 423 394 23 41 0 
bbox_1465.jpg 365 393 12 41 0 
bbox_1466.jpg 491 394 187 43 0 
bbox_1467.jpg 423 394 23 41 0 
bbox_1468.jpg 365 393 12 41 0 
bbox_1469.jpg 491 394 187 43 0 
bbox_1470.jpg 423 394 23 41 0 
bbox_1471.jpg 365 393 12 41 0 
bbox_1472.jpg 366 393 312 44 0 
bbox_1473.jpg 366 393 312 44 0 
bbox_1474.jpg 540 437 167 45 0 
bbox_1475.jpg 419 435 92 44 0 
bbox_1476.jpg 540 437 167 45 0 
bbox_1477.jpg 419 435 92 44 0 
bbox_1478.jpg 540 437 167 45 0 
bbox_1479.jpg 419 435 92 44 0 
bbox_1480.jpg 540 437 167 45 0 
bbox_1481.jpg 419 435 92 44 0 
bbox_1482.jpg 540 437 167 45 0 
bbox_1483.jpg 419 435 92 44 0 
bbox_1484.jpg 594 395 85 42 0 
bbox_1485.jpg 491 394 71 42 0 
bbox_1486.jpg 423 394 23 41 0 
bbox_1487.jpg 365 393 12 41 0 
bbox_1488.jpg 491 394 187 43 0 
bbox_1489.jpg 423 394 23 41 0 
bbox_1490.jpg 365 393 12 41 0 
bbox_1491.jpg 491 394 187 43 0 
bbox_1492.jpg 423 394 23 41 0 
bbox_1493.jpg 365 393 12 41 0 
bbox_1494.jpg 366 393 312 44 0 
bbox_1495.jpg 366 393 312 44 0 
bbox_1496.jpg 541 437 145 44 0 
bbox_1497.jpg 418 435 93 43 0 
bbox_1498.jpg 541 437 145 44 0 
bbox_1499.jpg 418 435 93 43 0 
bbox_1500.jpg 541 437 145 44 0 
bbox_1501.jpg 418 435 93 43 0 
bbox_1502.jpg 541 437 145 44 0 
bbox_1503.jpg 418 435 93 43 0 
bbox_1504.jpg 541 437 145 44 0 
bbox_1505.jpg 418 435 93 43 0 
bbox_1506.jpg 594 395 85 42 0 
bbox_1507.jpg 491 394 71 42 0 
bbox_1508.jpg 423 394 23 41 0 
bbox_1509.jpg 365 393 12 41 0 
bbox_1510.jpg 491 394 187 43 0 
bbox_1511.jpg 423 394 23 41 0 
bbox_1512.jpg 365 393 12 41 0 
bbox_1513.jpg 491 394 187 43 0 
bbox_1514.jpg 423 394 23 41 0 
bbox_1515.jpg 365 393 12 41 0 
bbox_1516.jpg 366 393 312 44 0 
bbox_1517.jpg 366 393 312 44 0 
bbox_1518.jpg 753 303 44 61 0.147052377822 
bbox_1519.jpg 592 300 116 63 0.400394477318 
bbox_1520.jpg 272 295 295 66 0.908030967261 
bbox_1521.jpg 753 303 44 61 0.147052377822 
bbox_1522.jpg 592 300 116 63 0.400394477318 
bbox_1523.jpg 272 295 295 66 0.908030967261 
bbox_1524.jpg 753 303 44 61 0.147052377822 
bbox_1525.jpg 592 300 116 63 0.400394477318 
bbox_1526.jpg 272 295 295 66 0.908030967261 
bbox_1527.jpg 753 303 44 61 0.147052377822 
bbox_1528.jpg 271 295 437 68 0.654496454811 
bbox_1529.jpg 753 303 44 61 0.147052377822 
bbox_1530.jpg 271 295 437 68 0.654496454811 
bbox_1531.jpg 153 113 161 72 0.826406216582 
bbox_1532.jpg 34 96 34 52 0 
bbox_1533.jpg 153 113 161 72 0.826406216582 
bbox_1534.jpg 34 96 34 52 0 
bbox_1535.jpg 153 113 161 72 0.826406216582 
bbox_1536.jpg 34 96 34 52 0 
bbox_1537.jpg 153 113 161 72 0.826406216582 
bbox_1538.jpg 34 96 34 52 0 
bbox_1539.jpg 153 113 161 72 0.826406216582 
bbox_1540.jpg 34 96 34 52 0 
bbox_1541.jpg 153 113 161 72 0.826406216582 
bbox_1542.jpg 34 96 34 52 0 
bbox_1543.jpg 153 113 161 72 0.826406216582 
bbox_1544.jpg 34 96 34 52 0 
bbox_1545.jpg 153 113 161 72 0.826406216582 
bbox_1546.jpg 34 96 34 52 0 
bbox_1547.jpg 153 113 161 72 0.826406216582 
bbox_1548.jpg 34 96 34 52 0 
bbox_1549.jpg 153 113 161 72 0.826406216582 
bbox_1550.jpg 34 96 34 52 0 
bbox_1551.jpg 592 298 337 66 0.538241128499 
bbox_1552.jpg 271 295 296 66 0.911109038336 
bbox_1553.jpg 271 296 658 68 0.42297979798 
bbox_1554.jpg 271 296 658 68 0.42297979798 
bbox_1555.jpg 271 296 658 68 0.42297979798 
bbox_1556.jpg 271 296 658 68 0.42297979798 
bbox_1557.jpg 592 299 203 66 0.734056541749 
bbox_1558.jpg 271 295 296 66 0.911109038336 
bbox_1559.jpg 592 299 203 66 0.734056541749 
bbox_1560.jpg 271 295 296 66 0.911109038336 
bbox_1561.jpg 592 299 203 66 0.734056541749 
bbox_1562.jpg 271 295 296 66 0.911109038336 
bbox_1563.jpg 592 299 203 66 0.734056541749 
bbox_1564.jpg 271 295 296 66 0.911109038336 
bbox_1565.jpg 592 299 203 66 0.734056541749 
bbox_1566.jpg 271 295 296 66 0.911109038336 
bbox_1567.jpg 150 113 164 72 0.841805090183 
bbox_1568.jpg 36 95 31 53 0 
bbox_1569.jpg 150 113 164 72 0.841805090183 
bbox_1570.jpg 36 95 31 53 0 
bbox_1571.jpg 150 113 164 72 0.841805090183 
bbox_1572.jpg 36 95 31 53 0 
bbox_1573.jpg 150 113 164 72 0.841805090183 
bbox_1574.jpg 36 95 31 53 0 
bbox_1575.jpg 150 113 164 72 0.841805090183 
bbox_1576.jpg 36 95 31 53 0 
bbox_1577.jpg 592 299 203 66 0.734056541749 
bbox_1578.jpg 271 295 296 66 0.911109038336 
bbox_1579.jpg 592 299 203 66 0.734056541749 
bbox_1580.jpg 271 295 296 66 0.911109038336 
bbox_1581.jpg 592 299 203 66 0.734056541749 
bbox_1582.jpg 271 295 296 66 0.911109038336 
bbox_1583.jpg 592 299 203 66 0.734056541749 
bbox_1584.jpg 271 295 296 66 0.911109038336 
bbox_1585.jpg 592 299 203 66 0.734056541749 
bbox_1586.jpg 271 295 296 66 0.911109038336 
bbox_1587.jpg 150 113 164 72 0.841805090183 
bbox_1588.jpg 36 95 31 53 0 
bbox_1589.jpg 150 113 164 72 0.841805090183 
bbox_1590.jpg 36 95 31 53 0 
bbox_1591.jpg 150 113 164 72 0.841805090183 
bbox_1592.jpg 36 95 31 53 0 
bbox_1593.jpg 150 113 164 72 0.841805090183 
bbox_1594.jpg 36 95 31 53 0 
bbox_1595.jpg 150 113 164 72 0.841805090183 
bbox_1596.jpg 36 95 31 53 0 
bbox_1597.jpg 591 299 206 66 0.744904667982 
bbox_1598.jpg 272 295 295 66 0.908030967261 
bbox_1599.jpg 591 299 206 66 0.744904667982 
bbox_1600.jpg 272 295 295 66 0.908030967261 
bbox_1601.jpg 591 299 206 66 0.744904667982 
bbox_1602.jpg 272 295 295 66 0.908030967261 
bbox_1603.jpg 591 299 206 66 0.744904667982 
bbox_1604.jpg 272 295 295 66 0.908030967261 
bbox_1605.jpg 591 299 206 66 0.744904667982 
bbox_1606.jpg 272 295 295 66 0.908030967261 
bbox_1607.jpg 150 113 164 72 0.841805090183 
bbox_1608.jpg 37 95 30 54 0 
bbox_1609.jpg 150 113 164 72 0.841805090183 
bbox_1610.jpg 37 95 30 54 0 
bbox_1611.jpg 150 113 164 72 0.841805090183 
bbox_1612.jpg 37 95 30 54 0 
bbox_1613.jpg 150 113 164 72 0.841805090183 
bbox_1614.jpg 37 95 30 54 0 
bbox_1615.jpg 150 113 164 72 0.841805090183 
bbox_1616.jpg 37 95 30 54 0 
bbox_1617.jpg 591 299 206 66 0.744904667982 
bbox_1618.jpg 272 295 295 66 0.908030967261 
bbox_1619.jpg 591 299 206 66 0.744904667982 
bbox_1620.jpg 272 295 295 66 0.908030967261 
bbox_1621.jpg 591 299 206 66 0.744904667982 
bbox_1622.jpg 272 295 295 66 0.908030967261 
bbox_1623.jpg 591 299 206 66 0.744904667982 
bbox_1624.jpg 272 295 295 66 0.908030967261 
bbox_1625.jpg 591 299 206 66 0.744904667982 
bbox_1626.jpg 272 295 295 66 0.908030967261 
bbox_1627.jpg 150 113 164 72 0.841805090183 
bbox_1628.jpg 37 95 30 54 0 
bbox_1629.jpg 150 113 164 72 0.841805090183 
bbox_1630.jpg 37 95 30 54 0 
bbox_1631.jpg 150 113 164 72 0.841805090183 
bbox_1632.jpg 37 95 30 54 0 
bbox_1633.jpg 150 113 164 72 0.841805090183 
bbox_1634.jpg 37 95 30 54 0 
bbox_1635.jpg 150 113 164 72 0.841805090183 
bbox_1636.jpg 37 95 30 54 0 
bbox_1637.jpg 591 299 206 66 0.744904667982 
bbox_1638.jpg 272 295 295 66 0.908030967261 
bbox_1639.jpg 591 299 206 66 0.744904667982 
bbox_1640.jpg 272 295 295 66 0.908030967261 
bbox_1641.jpg 591 299 206 66 0.744904667982 
bbox_1642.jpg 272 295 295 66 0.908030967261 
bbox_1643.jpg 591 299 206 66 0.744904667982 
bbox_1644.jpg 272 295 295 66 0.908030967261 
bbox_1645.jpg 591 299 206 66 0.744904667982 
bbox_1646.jpg 272 295 295 66 0.908030967261 
bbox_1647.jpg 177 118 138 69 0.678833677907 
bbox_1648.jpg 41 91 143 69 0.0994264427625 
bbox_1649.jpg 177 118 138 69 0.678833677907 
bbox_1650.jpg 41 91 143 69 0.0994264427625 
bbox_1651.jpg 41 91 274 96 0.473429602888 
bbox_1652.jpg 41 91 274 96 0.473429602888 
bbox_1653.jpg 41 91 274 96 0.473429602888 
bbox_1654.jpg 540 435 146 47 0 
bbox_1655.jpg 418 433 93 46 0 
bbox_1656.jpg 540 435 146 47 0 
bbox_1657.jpg 418 433 93 46 0 
bbox_1658.jpg 540 435 146 47 0 
bbox_1659.jpg 418 433 93 46 0 
bbox_1660.jpg 540 435 146 47 0 
bbox_1661.jpg 418 433 93 46 0 
bbox_1662.jpg 540 435 146 47 0 
bbox_1663.jpg 418 433 93 46 0 
bbox_1664.jpg 594 395 86 43 0 
bbox_1665.jpg 491 394 71 43 0 
bbox_1666.jpg 422 394 24 42 0 
bbox_1667.jpg 367 393 10 42 0 
bbox_1668.jpg 491 394 189 44 0 
bbox_1669.jpg 422 394 24 42 0 
bbox_1670.jpg 367 393 10 42 0 
bbox_1671.jpg 491 394 189 44 0 
bbox_1672.jpg 422 394 24 42 0 
bbox_1673.jpg 367 393 10 42 0 
bbox_1674.jpg 367 393 314 45 0 
bbox_1675.jpg 367 393 314 45 0 
bbox_1676.jpg 594 395 86 43 0 
bbox_1677.jpg 491 394 71 43 0 
bbox_1678.jpg 422 394 24 42 0 
bbox_1679.jpg 367 393 10 42 0 
bbox_1680.jpg 491 394 189 44 0 
bbox_1681.jpg 422 394 24 42 0 
bbox_1682.jpg 367 393 10 42 0 
bbox_1683.jpg 491 394 189 44 0 
bbox_1684.jpg 422 394 24 42 0 
bbox_1685.jpg 367 393 10 42 0 
bbox_1686.jpg 367 393 314 45 0 
bbox_1687.jpg 367 393 314 45 0 
bbox_1688.jpg 541 436 166 47 0 
bbox_1689.jpg 416 434 95 46 0 
bbox_1690.jpg 366 433 12 44 0 
bbox_1691.jpg 541 436 166 47 0 
bbox_1692.jpg 416 434 95 46 0 
bbox_1693.jpg 366 433 12 44 0 
bbox_1694.jpg 541 436 166 47 0 
bbox_1695.jpg 416 434 95 46 0 
bbox_1696.jpg 366 433 12 44 0 
bbox_1697.jpg 541 436 166 47 0 
bbox_1698.jpg 416 434 95 46 0 
bbox_1699.jpg 366 433 12 44 0 
bbox_1700.jpg 417 434 289 49 0 
bbox_1701.jpg 366 433 12 44 0 
bbox_1702.jpg 541 436 166 47 0 
bbox_1703.jpg 418 433 93 46 0 
bbox_1704.jpg 541 436 166 47 0 
bbox_1705.jpg 418 433 93 46 0 
bbox_1706.jpg 541 436 166 47 0 
bbox_1707.jpg 418 433 93 46 0 
bbox_1708.jpg 541 436 166 47 0 
bbox_1709.jpg 418 433 93 46 0 
bbox_1710.jpg 541 436 166 47 0 
bbox_1711.jpg 418 433 93 46 0 
bbox_1712.jpg 594 395 86 43 0 
bbox_1713.jpg 491 394 71 43 0 
bbox_1714.jpg 422 394 24 42 0 
bbox_1715.jpg 367 393 10 42 0 
bbox_1716.jpg 491 394 189 44 0 
bbox_1717.jpg 422 394 24 42 0 
bbox_1718.jpg 367 393 10 42 0 
bbox_1719.jpg 491 394 189 44 0 
bbox_1720.jpg 422 394 24 42 0 
bbox_1721.jpg 367 393 10 42 0 
bbox_1722.jpg 367 393 314 45 0 
bbox_1723.jpg 367 393 314 45 0 
bbox_1724.jpg 755 302 40 63 0.138067061144 
bbox_1725.jpg 591 299 156 65 0.555555555556 
bbox_1726.jpg 271 295 296 66 0.911109038336 
bbox_1727.jpg 591 299 204 66 0.737672583826 
bbox_1728.jpg 271 295 296 66 0.911109038336 
bbox_1729.jpg 591 299 204 66 0.737672583826 
bbox_1730.jpg 271 295 296 66 0.911109038336 
bbox_1731.jpg 591 299 204 66 0.737672583826 
bbox_1732.jpg 271 295 296 66 0.911109038336 
bbox_1733.jpg 591 299 204 66 0.737672583826 
bbox_1734.jpg 271 295 296 66 0.911109038336 
bbox_1735.jpg 152 113 161 72 0.826406216582 
bbox_1736.jpg 36 96 31 53 0 
bbox_1737.jpg 152 113 161 72 0.826406216582 
bbox_1738.jpg 36 96 31 53 0 
bbox_1739.jpg 152 113 161 72 0.826406216582 
bbox_1740.jpg 36 96 31 53 0 
bbox_1741.jpg 152 113 161 72 0.826406216582 
bbox_1742.jpg 36 96 31 53 0 
bbox_1743.jpg 152 113 161 72 0.826406216582 
bbox_1744.jpg 36 96 31 53 0 
bbox_1745.jpg 755 302 40 63 0.138067061144 
bbox_1746.jpg 591 299 156 65 0.555555555556 
bbox_1747.jpg 271 295 296 66 0.911109038336 
bbox_1748.jpg 591 299 204 66 0.737672583826 
bbox_1749.jpg 271 295 296 66 0.911109038336 
bbox_1750.jpg 591 299 204 66 0.737672583826 
bbox_1751.jpg 271 295 296 66 0.911109038336 
bbox_1752.jpg 591 299 204 66 0.737672583826 
bbox_1753.jpg 271 295 296 66 0.911109038336 
bbox_1754.jpg 591 299 204 66 0.737672583826 
bbox_1755.jpg 271 295 296 66 0.911109038336 
bbox_1756.jpg 152 113 161 72 0.826406216582 
bbox_1757.jpg 36 96 31 53 0 
bbox_1758.jpg 152 113 161 72 0.826406216582 
bbox_1759.jpg 36 96 31 53 0 
bbox_1760.jpg 152 113 161 72 0.826406216582 
bbox_1761.jpg 36 96 31 53 0 
bbox_1762.jpg 152 113 161 72 0.826406216582 
bbox_1763.jpg 36 96 31 53 0 
bbox_1764.jpg 152 113 161 72 0.826406216582 
bbox_1765.jpg 36 96 31 53 0 
bbox_1766.jpg 179 122 93 53 0.351393740643 
bbox_1767.jpg 179 122 93 53 0.351393740643 
bbox_1768.jpg 179 122 93 53 0.351393740643 
bbox_1769.jpg 179 122 93 53 0.351393740643 
bbox_1770.jpg 179 122 93 53 0.351393740643 
bbox_1771.jpg 177 118 139 70 0.693662222856 
bbox_1772.jpg 151 113 32 46 0.104940471947 
bbox_1773.jpg 177 118 139 70 0.693662222856 
bbox_1774.jpg 151 113 32 46 0.104940471947 
bbox_1775.jpg 151 113 164 75 0.876880302274 
bbox_1776.jpg 151 113 164 75 0.876880302274 
bbox_1777.jpg 151 113 164 75 0.876880302274 
bbox_1778.jpg 755 302 40 63 0.138067061144 
bbox_1779.jpg 591 299 156 65 0.555555555556 
bbox_1780.jpg 271 295 296 66 0.911109038336 
bbox_1781.jpg 591 299 204 66 0.737672583826 
bbox_1782.jpg 271 295 296 66 0.911109038336 
bbox_1783.jpg 591 299 204 66 0.737672583826 
bbox_1784.jpg 271 295 296 66 0.911109038336 
bbox_1785.jpg 591 299 204 66 0.737672583826 
bbox_1786.jpg 271 295 296 66 0.911109038336 
bbox_1787.jpg 591 299 204 66 0.737672583826 
bbox_1788.jpg 271 295 296 66 0.911109038336 
bbox_1789.jpg 541 438 144 43 0 
bbox_1790.jpg 418 436 93 42 0 
bbox_1791.jpg 541 438 144 43 0 
bbox_1792.jpg 418 436 93 42 0 
bbox_1793.jpg 541 438 144 43 0 
bbox_1794.jpg 418 436 93 42 0 
bbox_1795.jpg 541 438 144 43 0 
bbox_1796.jpg 418 436 93 42 0 
bbox_1797.jpg 541 438 144 43 0 
bbox_1798.jpg 418 436 93 42 0 
bbox_1799.jpg 593 397 85 38 0 
bbox_1800.jpg 491 395 70 41 0 
bbox_1801.jpg 424 395 21 40 0 
bbox_1802.jpg 593 397 85 38 0 
bbox_1803.jpg 491 395 70 41 0 
bbox_1804.jpg 424 395 21 40 0 
bbox_1805.jpg 491 395 187 41 0 
bbox_1806.jpg 424 395 21 40 0 
bbox_1807.jpg 491 395 187 41 0 
bbox_1808.jpg 424 395 21 40 0 
bbox_1809.jpg 424 395 254 41 0 
bbox_1810.jpg 541 438 144 43 0 
bbox_1811.jpg 418 436 93 42 0 
bbox_1812.jpg 541 438 144 43 0 
bbox_1813.jpg 418 436 93 42 0 
bbox_1814.jpg 541 438 144 43 0 
bbox_1815.jpg 418 436 93 42 0 
bbox_1816.jpg 541 438 144 43 0 
bbox_1817.jpg 418 436 93 42 0 
bbox_1818.jpg 541 438 144 43 0 
bbox_1819.jpg 418 436 93 42 0 
bbox_1820.jpg 593 397 85 38 0 
bbox_1821.jpg 491 395 70 41 0 
bbox_1822.jpg 424 395 21 40 0 
bbox_1823.jpg 593 397 85 38 0 
bbox_1824.jpg 491 395 70 41 0 
bbox_1825.jpg 424 395 21 40 0 
bbox_1826.jpg 491 395 187 41 0 
bbox_1827.jpg 424 395 21 40 0 
bbox_1828.jpg 491 395 187 41 0 
bbox_1829.jpg 424 395 21 40 0 
bbox_1830.jpg 424 395 254 41 0 
bbox_1831.jpg 541 438 144 43 0 
bbox_1832.jpg 418 436 93 42 0 
bbox_1833.jpg 541 438 144 43 0 
bbox_1834.jpg 418 436 93 42 0 
bbox_1835.jpg 541 438 144 43 0 
bbox_1836.jpg 418 436 93 42 0 
bbox_1837.jpg 541 438 144 43 0 
bbox_1838.jpg 418 436 93 42 0 
bbox_1839.jpg 541 438 144 43 0 
bbox_1840.jpg 418 436 93 42 0 
bbox_1841.jpg 593 397 85 38 0 
bbox_1842.jpg 491 395 70 41 0 
bbox_1843.jpg 424 395 21 40 0 
bbox_1844.jpg 593 397 85 38 0 
bbox_1845.jpg 491 395 70 41 0 
bbox_1846.jpg 424 395 21 40 0 
bbox_1847.jpg 491 395 187 41 0 
bbox_1848.jpg 424 395 21 40 0 
bbox_1849.jpg 491 395 187 41 0 
bbox_1850.jpg 424 395 21 40 0 
bbox_1851.jpg 424 395 254 41 0 
